Running 10s test @ http://localhost:8888/
  4 threads and 10 connections

reconnect_socket
reconnect_socket
reconnect_socket
reconnect_socket
reconnect_socket
reconnect_socket
reconnect_socket
reconnect_socket

-----------------------------------------------------------------------
Test Results @ http://localhost:8888/ 
  Thread Stats   Avg      Stdev     99%   +/- Stdev
    Latency   184.30us  161.63us 492.00us   91.47%
    Req/Sec       -nan      -nan   0.00      0.00%
  Latency Distribution (HdrHistogram - Recorded Latency)
 50.000%  161.00us
 75.000%  221.00us
 90.000%  333.00us
 99.000%  492.00us
 99.900%    1.01ms
 99.990%    5.73ms
 99.999%    5.76ms
100.000%    5.76ms

  Detailed Percentile spectrum:
       Value   Percentile   TotalCount 1/(1-Percentile)

       0.019     0.000000            2         1.00
       0.076     0.100000         1056         1.11
       0.101     0.200000         2051         1.25
       0.127     0.300000         3124         1.43
       0.140     0.400000         4112         1.67
       0.161     0.500000         5128         2.00
       0.166     0.550000         5675         2.22
       0.171     0.600000         6214         2.50
       0.178     0.650000         6664         2.86
       0.196     0.700000         7186         3.33
       0.221     0.750000         7684         4.00
       0.234     0.775000         7940         4.44
       0.249     0.800000         8191         5.00
       0.265     0.825000         8454         5.71
       0.288     0.850000         8704         6.67
       0.309     0.875000         8953         8.00
       0.321     0.887500         9081         8.89
       0.333     0.900000         9223        10.00
       0.344     0.912500         9344        11.43
       0.355     0.925000         9466        13.33
       0.369     0.937500         9598        16.00
       0.375     0.943750         9662        17.78
       0.383     0.950000         9723        20.00
       0.393     0.956250         9789        22.86
       0.405     0.962500         9858        26.67
       0.416     0.968750         9915        32.00
       0.422     0.971875         9945        35.56
       0.430     0.975000         9977        40.00
       0.440     0.978125        10009        45.71
       0.450     0.981250        10044        53.33
       0.464     0.984375        10073        64.00
       0.472     0.985938        10089        71.11
       0.478     0.987500        10107        80.00
       0.486     0.989062        10121        91.43
       0.495     0.990625        10138       106.67
       0.506     0.992188        10154       128.00
       0.517     0.992969        10163       142.22
       0.521     0.993750        10169       160.00
       0.535     0.994531        10177       182.86
       0.550     0.995313        10185       213.33
       0.571     0.996094        10193       256.00
       0.583     0.996484        10197       284.44
       0.593     0.996875        10201       320.00
       0.598     0.997266        10205       365.71
       0.605     0.997656        10209       426.67
       0.629     0.998047        10213       512.00
       0.642     0.998242        10215       568.89
       0.676     0.998437        10217       640.00
       0.744     0.998633        10219       731.43
       0.814     0.998828        10221       853.33
       1.022     0.999023        10223      1024.00
       1.065     0.999121        10224      1137.78
       1.268     0.999219        10225      1280.00
       2.375     0.999316        10226      1462.86
       4.667     0.999414        10227      1706.67
       4.743     0.999512        10228      2048.00
       4.743     0.999561        10228      2275.56
       5.531     0.999609        10229      2560.00
       5.531     0.999658        10229      2925.71
       5.567     0.999707        10230      3413.33
       5.567     0.999756        10230      4096.00
       5.567     0.999780        10230      4551.11
       5.731     0.999805        10231      5120.00
       5.731     0.999829        10231      5851.43
       5.731     0.999854        10231      6826.67
       5.731     0.999878        10231      8192.00
       5.731     0.999890        10231      9102.22
       5.763     0.999902        10232     10240.00
       5.763     1.000000        10232          inf
#[Mean    =        0.184, StdDeviation   =        0.162]
#[Max     =        5.760, Total count    =        10232]
#[Buckets =           27, SubBuckets     =         2048]
-----------------------------------------------------------------------
  10236 requests in 10.00s, 2.03MB read
Requests/sec:   1023.51  
Transfer/sec:    207.90KB
