Running 1m test @ http://localhost:8888/
  2 threads and 10 connections

  Thread calibration: mean lat.: 3.816ms, rate sampling interval: 13ms
  Thread calibration: mean lat.: 4.815ms, rate sampling interval: 13ms
reconnect_socket
reconnect_socket
reconnect_socket
reconnect_socket
reconnect_socket
reconnect_socket
reconnect_socket
reconnect_socket
reconnect_socket
reconnect_socket

-----------------------------------------------------------------------
Test Results @ http://localhost:8888/ 
  Thread Stats   Avg      Stdev     99%   +/- Stdev
    Latency     4.26ms    2.05ms   8.80ms   62.47%
    Req/Sec   133.17    148.34   416.00     76.66%
  Latency Distribution (HdrHistogram - Recorded Latency)
 50.000%    3.83ms
 75.000%    5.80ms
 90.000%    6.96ms
 99.000%    8.80ms
 99.900%   10.00ms
 99.990%   11.88ms
 99.999%   12.06ms
100.000%   12.06ms

  Detailed Percentile spectrum:
       Value   Percentile   TotalCount 1/(1-Percentile)

       0.688     0.000000            1         1.00
       1.503     0.100000         1281         1.11
       2.425     0.200000         2560         1.25
       2.767     0.300000         3841         1.43
       3.487     0.400000         5128         1.67
       3.825     0.500000         6403         2.00
       4.351     0.550000         7043         2.22
       4.639     0.600000         7681         2.50
       4.827     0.650000         8321         2.86
       5.431     0.700000         8961         3.33
       5.803     0.750000         9605         4.00
       6.011     0.775000         9921         4.44
       6.551     0.800000        10238         5.00
       6.795     0.825000        10567         5.71
       6.855     0.850000        10889         6.67
       6.899     0.875000        11198         8.00
       6.923     0.887500        11366         8.89
       6.959     0.900000        11528        10.00
       7.047     0.912500        11683        11.43
       7.447     0.925000        11838        13.33
       7.855     0.937500        12002        16.00
       7.915     0.943750        12086        17.78
       7.947     0.950000        12160        20.00
       7.975     0.956250        12243        22.86
       8.007     0.962500        12327        26.67
       8.043     0.968750        12409        32.00
       8.067     0.971875        12441        35.56
       8.111     0.975000        12478        40.00
       8.159     0.978125        12518        45.71
       8.303     0.981250        12559        53.33
       8.511     0.984375        12601        64.00
       8.631     0.985938        12619        71.11
       8.751     0.987500        12642        80.00
       8.783     0.989062        12658        91.43
       8.831     0.990625        12679       106.67
       8.903     0.992188        12699       128.00
       8.943     0.992969        12708       142.22
       9.047     0.993750        12718       160.00
       9.119     0.994531        12728       182.86
       9.215     0.995313        12739       213.33
       9.407     0.996094        12748       256.00
       9.471     0.996484        12753       284.44
       9.519     0.996875        12758       320.00
       9.575     0.997266        12763       365.71
       9.615     0.997656        12768       426.67
       9.639     0.998047        12773       512.00
       9.663     0.998242        12776       568.89
       9.671     0.998437        12778       640.00
       9.695     0.998633        12780       731.43
       9.799     0.998828        12783       853.33
      10.015     0.999023        12785      1024.00
      10.023     0.999121        12786      1137.78
      10.615     0.999219        12788      1280.00
      10.687     0.999316        12789      1462.86
      10.759     0.999414        12790      1706.67
      10.767     0.999512        12791      2048.00
      10.775     0.999561        12792      2275.56
      11.023     0.999609        12793      2560.00
      11.023     0.999658        12793      2925.71
      11.327     0.999707        12794      3413.33
      11.327     0.999756        12794      4096.00
      11.743     0.999780        12795      4551.11
      11.743     0.999805        12795      5120.00
      11.743     0.999829        12795      5851.43
      11.879     0.999854        12796      6826.67
      11.879     0.999878        12796      8192.00
      11.879     0.999890        12796      9102.22
      11.879     0.999902        12796     10240.00
      11.879     0.999915        12796     11702.86
      12.063     0.999927        12797     13653.33
      12.063     1.000000        12797          inf
#[Mean    =        4.256, StdDeviation   =        2.048]
#[Max     =       12.056, Total count    =        12797]
#[Buckets =           27, SubBuckets     =         2048]
-----------------------------------------------------------------------
  15352 requests in 1.00m, 13.16MB read
Requests/sec:    255.85  
Transfer/sec:    224.62KB
