Running 10s test @ http://localhost:8888/
  4 threads and 10 connections

reconnect_socket
reconnect_socket
reconnect_socket
reconnect_socket
reconnect_socket
reconnect_socket
reconnect_socket
reconnect_socket
reconnect_socket
reconnect_socket
reconnect_socket
reconnect_socket
reconnect_socket
reconnect_socket
reconnect_socket
reconnect_socket

-----------------------------------------------------------------------
Test Results @ http://localhost:8888/ 
  Thread Stats   Avg      Stdev     99%   +/- Stdev
    Latency   132.53us   76.48us 339.00us   92.75%
    Req/Sec       -nan      -nan   0.00      0.00%
  Latency Distribution (HdrHistogram - Recorded Latency)
 50.000%  130.00us
 75.000%  159.00us
 90.000%  182.00us
 99.000%  339.00us
 99.900%  623.00us
 99.990%    2.56ms
 99.999%    4.87ms
100.000%    4.87ms

  Detailed Percentile spectrum:
       Value   Percentile   TotalCount 1/(1-Percentile)

       0.020     0.000000            1         1.00
       0.068     0.100000         2195         1.11
       0.081     0.200000         4193         1.25
       0.107     0.300000         6196         1.43
       0.124     0.400000         8251         1.67
       0.130     0.500000        10602         2.00
       0.132     0.550000        11309         2.22
       0.135     0.600000        12387         2.50
       0.139     0.650000        13407         2.86
       0.147     0.700000        14340         3.33
       0.159     0.750000        15370         4.00
       0.162     0.775000        15972         4.44
       0.164     0.800000        16402         5.00
       0.167     0.825000        16954         5.71
       0.170     0.850000        17455         6.67
       0.174     0.875000        17933         8.00
       0.178     0.887500        18227         8.89
       0.182     0.900000        18456        10.00
       0.187     0.912500        18705        11.43
       0.193     0.925000        18963        13.33
       0.201     0.937500        19214        16.00
       0.205     0.943750        19322        17.78
       0.212     0.950000        19450        20.00
       0.220     0.956250        19593        22.86
       0.230     0.962500        19717        26.67
       0.245     0.968750        19837        32.00
       0.253     0.971875        19897        35.56
       0.268     0.975000        19962        40.00
       0.289     0.978125        20027        45.71
       0.304     0.981250        20095        53.33
       0.312     0.984375        20158        64.00
       0.316     0.985938        20186        71.11
       0.324     0.987500        20221        80.00
       0.332     0.989062        20249        91.43
       0.344     0.990625        20281       106.67
       0.362     0.992188        20313       128.00
       0.373     0.992969        20331       142.22
       0.392     0.993750        20345       160.00
       0.412     0.994531        20362       182.86
       0.442     0.995313        20377       213.33
       0.453     0.996094        20394       256.00
       0.463     0.996484        20402       284.44
       0.480     0.996875        20410       320.00
       0.493     0.997266        20418       365.71
       0.506     0.997656        20425       426.67
       0.524     0.998047        20433       512.00
       0.531     0.998242        20437       568.89
       0.559     0.998437        20441       640.00
       0.591     0.998633        20445       731.43
       0.615     0.998828        20449       853.33
       0.624     0.999023        20453      1024.00
       0.633     0.999121        20455      1137.78
       0.649     0.999219        20457      1280.00
       0.670     0.999316        20459      1462.86
       0.709     0.999414        20461      1706.67
       1.195     0.999512        20463      2048.00
       1.495     0.999561        20464      2275.56
       1.535     0.999609        20465      2560.00
       1.731     0.999658        20466      2925.71
       1.984     0.999707        20467      3413.33
       2.010     0.999756        20468      4096.00
       2.010     0.999780        20468      4551.11
       2.225     0.999805        20469      5120.00
       2.225     0.999829        20469      5851.43
       2.563     0.999854        20470      6826.67
       2.563     0.999878        20470      8192.00
       2.563     0.999890        20470      9102.22
       2.797     0.999902        20471     10240.00
       2.797     0.999915        20471     11702.86
       2.797     0.999927        20471     13653.33
       2.797     0.999939        20471     16384.00
       2.797     0.999945        20471     18204.44
       4.867     0.999951        20472     20480.00
       4.867     1.000000        20472          inf
#[Mean    =        0.133, StdDeviation   =        0.076]
#[Max     =        4.864, Total count    =        20472]
#[Buckets =           27, SubBuckets     =         2048]
-----------------------------------------------------------------------
  20476 requests in 10.00s, 4.06MB read
Requests/sec:   2047.51  
Transfer/sec:    415.89KB
