Running 10s test @ http://localhost:8888/
  8 threads and 10 connections

reconnect_socket
reconnect_socket
reconnect_socket
reconnect_socket
reconnect_socket
reconnect_socket
reconnect_socket
reconnect_socket
reconnect_socket
reconnect_socket
reconnect_socket
reconnect_socket
reconnect_socket
reconnect_socket
reconnect_socket
reconnect_socket
  Thread calibration: mean lat.: 0.120ms, rate sampling interval: 10ms
  Thread calibration: mean lat.: 0.118ms, rate sampling interval: 10ms

-----------------------------------------------------------------------
Test Results @ http://localhost:8888/ 
  Thread Stats   Avg      Stdev     99%   +/- Stdev
    Latency   123.73us  106.58us 344.00us   96.21%
    Req/Sec       -nan      -nan   0.00      0.00%
  Latency Distribution (HdrHistogram - Recorded Latency)
 50.000%  121.00us
 75.000%  148.00us
 90.000%  176.00us
 99.000%  344.00us
 99.900%  605.00us
 99.990%    4.16ms
 99.999%    4.32ms
100.000%    4.32ms

  Detailed Percentile spectrum:
       Value   Percentile   TotalCount 1/(1-Percentile)

       0.015     0.000000            1         1.00
       0.064     0.100000         1636         1.11
       0.072     0.200000         3137         1.25
       0.080     0.300000         4633         1.43
       0.097     0.400000         6171         1.67
       0.121     0.500000         7851         2.00
       0.125     0.550000         8559         2.22
       0.128     0.600000         9340         2.50
       0.132     0.650000        10103         2.86
       0.137     0.700000        10777         3.33
       0.148     0.750000        11542         4.00
       0.156     0.775000        11953         4.44
       0.160     0.800000        12332         5.00
       0.163     0.825000        12806         5.71
       0.165     0.850000        13070         6.67
       0.169     0.875000        13507         8.00
       0.171     0.887500        13633         8.89
       0.176     0.900000        13824        10.00
       0.183     0.912500        14025        11.43
       0.191     0.925000        14224        13.33
       0.200     0.937500        14403        16.00
       0.205     0.943750        14499        17.78
       0.212     0.950000        14598        20.00
       0.221     0.956250        14690        22.86
       0.232     0.962500        14783        26.67
       0.249     0.968750        14876        32.00
       0.270     0.971875        14923        35.56
       0.296     0.975000        14974        40.00
       0.302     0.978125        15022        45.71
       0.307     0.981250        15076        53.33
       0.313     0.984375        15118        64.00
       0.318     0.985938        15144        71.11
       0.328     0.987500        15166        80.00
       0.339     0.989062        15187        91.43
       0.352     0.990625        15212       106.67
       0.370     0.992188        15235       128.00
       0.383     0.992969        15247       142.22
       0.396     0.993750        15259       160.00
       0.414     0.994531        15272       182.86
       0.444     0.995313        15284       213.33
       0.463     0.996094        15295       256.00
       0.469     0.996484        15302       284.44
       0.480     0.996875        15307       320.00
       0.493     0.997266        15313       365.71
       0.502     0.997656        15319       426.67
       0.530     0.998047        15325       512.00
       0.538     0.998242        15328       568.89
       0.542     0.998437        15331       640.00
       0.565     0.998633        15334       731.43
       0.580     0.998828        15337       853.33
       0.720     0.999023        15340      1024.00
       0.807     0.999121        15341      1137.78
       1.465     0.999219        15343      1280.00
       1.513     0.999316        15344      1462.86
       1.909     0.999414        15346      1706.67
       3.503     0.999512        15347      2048.00
       3.561     0.999561        15348      2275.56
       3.569     0.999609        15349      2560.00
       3.569     0.999658        15349      2925.71
       3.595     0.999707        15350      3413.33
       3.615     0.999756        15351      4096.00
       3.615     0.999780        15351      4551.11
       4.155     0.999805        15352      5120.00
       4.155     0.999829        15352      5851.43
       4.155     0.999854        15352      6826.67
       4.315     0.999878        15353      8192.00
       4.315     0.999890        15353      9102.22
       4.315     0.999902        15353     10240.00
       4.315     0.999915        15353     11702.86
       4.315     0.999927        15353     13653.33
       4.319     0.999939        15354     16384.00
       4.319     1.000000        15354          inf
#[Mean    =        0.124, StdDeviation   =        0.107]
#[Max     =        4.316, Total count    =        15354]
#[Buckets =           27, SubBuckets     =         2048]
-----------------------------------------------------------------------
  20478 requests in 10.00s, 4.06MB read
Requests/sec:   2047.67  
Transfer/sec:    415.92KB
