Running 30s test @ http://localhost:8888/
  2 threads and 10 connections

  Thread calibration: mean lat.: 0.125ms, rate sampling interval: 10ms
  Thread calibration: mean lat.: 0.120ms, rate sampling interval: 10ms

-----------------------------------------------------------------------
Test Results @ http://localhost:8888/ 
  Thread Stats   Avg      Stdev     99%   +/- Stdev
    Latency   147.26us  207.92us 498.00us   96.03%
    Req/Sec   134.90    201.51   555.00     77.74%
  Latency Distribution (HdrHistogram - Recorded Latency)
 50.000%  116.00us
 75.000%  153.00us
 90.000%  238.00us
 99.000%  498.00us
 99.900%    3.62ms
 99.990%    4.16ms
 99.999%    4.70ms
100.000%    4.70ms

  Detailed Percentile spectrum:
       Value   Percentile   TotalCount 1/(1-Percentile)

       0.026     0.000000            1         1.00
       0.053     0.100000          529         1.11
       0.068     0.200000         1038         1.25
       0.095     0.300000         1542         1.43
       0.111     0.400000         2109         1.67
       0.116     0.500000         2598         2.00
       0.121     0.550000         2852         2.22
       0.129     0.600000         3072         2.50
       0.145     0.650000         3351         2.86
       0.149     0.700000         3583         3.33
       0.153     0.750000         3844         4.00
       0.157     0.775000         3983         4.44
       0.163     0.800000         4095         5.00
       0.175     0.825000         4226         5.71
       0.191     0.850000         4345         6.67
       0.214     0.875000         4475         8.00
       0.226     0.887500         4538         8.89
       0.238     0.900000         4601        10.00
       0.252     0.912500         4664        11.43
       0.271     0.925000         4730        13.33
       0.305     0.937500         4792        16.00
       0.322     0.943750         4826        17.78
       0.337     0.950000         4858        20.00
       0.350     0.956250         4891        22.86
       0.361     0.962500         4920        26.67
       0.381     0.968750         4953        32.00
       0.387     0.971875         4968        35.56
       0.400     0.975000         4984        40.00
       0.415     0.978125         5001        45.71
       0.435     0.981250         5017        53.33
       0.456     0.984375         5033        64.00
       0.464     0.985938         5040        71.11
       0.476     0.987500         5048        80.00
       0.480     0.989062         5056        91.43
       0.508     0.990625         5064       106.67
       0.550     0.992188         5072       128.00
       0.560     0.992969         5076       142.22
       0.574     0.993750         5080       160.00
       0.605     0.994531         5084       182.86
       0.759     0.995313         5088       213.33
       1.636     0.996094         5092       256.00
       1.832     0.996484         5094       284.44
       2.503     0.996875         5096       320.00
       2.715     0.997266         5098       365.71
       2.925     0.997656         5100       426.67
       2.941     0.998047         5102       512.00
       2.999     0.998242         5103       568.89
       3.609     0.998437         5104       640.00
       3.613     0.998633         5105       731.43
       3.615     0.998828         5106       853.33
       3.621     0.999023         5107      1024.00
       3.621     0.999121         5107      1137.78
       3.623     0.999219         5108      1280.00
       3.623     0.999316         5108      1462.86
       4.021     0.999414         5109      1706.67
       4.021     0.999512         5109      2048.00
       4.021     0.999561         5109      2275.56
       4.155     0.999609         5110      2560.00
       4.155     0.999658         5110      2925.71
       4.155     0.999707         5110      3413.33
       4.155     0.999756         5110      4096.00
       4.155     0.999780         5110      4551.11
       4.699     0.999805         5111      5120.00
       4.699     1.000000         5111          inf
#[Mean    =        0.147, StdDeviation   =        0.208]
#[Max     =        4.696, Total count    =         5111]
#[Buckets =           27, SubBuckets     =         2048]
-----------------------------------------------------------------------
  7672 requests in 30.00s, 1.20MB read
Requests/sec:    255.72  
Transfer/sec:     40.96KB
