Running 1m test @ http://localhost:8888/
  4 threads and 10 connections

  Thread calibration: mean lat.: 0.238ms, rate sampling interval: 10ms
  Thread calibration: mean lat.: 0.142ms, rate sampling interval: 10ms
  Thread calibration: mean lat.: 0.154ms, rate sampling interval: 10ms
  Thread calibration: mean lat.: 0.164ms, rate sampling interval: 10ms
reconnect_socket
reconnect_socket
reconnect_socket
reconnect_socket
reconnect_socket
reconnect_socket
reconnect_socket
reconnect_socket

-----------------------------------------------------------------------
Test Results @ http://localhost:8888/ 
  Thread Stats   Avg      Stdev     99%   +/- Stdev
    Latency   191.83us  153.22us 552.00us   87.68%
    Req/Sec    68.02     94.75   222.00     70.65%
  Latency Distribution (HdrHistogram - Recorded Latency)
 50.000%  158.00us
 75.000%  240.00us
 90.000%  367.00us
 99.000%  552.00us
 99.900%  728.00us
 99.990%    5.47ms
 99.999%    5.55ms
100.000%    5.55ms

  Detailed Percentile spectrum:
       Value   Percentile   TotalCount 1/(1-Percentile)

       0.020     0.000000            1         1.00
       0.074     0.100000         1337         1.11
       0.092     0.200000         2573         1.25
       0.122     0.300000         3861         1.43
       0.136     0.400000         5154         1.67
       0.158     0.500000         6415         2.00
       0.166     0.550000         7143         2.22
       0.172     0.600000         7724         2.50
       0.185     0.650000         8334         2.86
       0.211     0.700000         8958         3.33
       0.240     0.750000         9608         4.00
       0.257     0.775000         9935         4.44
       0.278     0.800000        10252         5.00
       0.301     0.825000        10560         5.71
       0.321     0.850000        10884         6.67
       0.344     0.875000        11203         8.00
       0.356     0.887500        11362         8.89
       0.368     0.900000        11528        10.00
       0.380     0.912500        11681        11.43
       0.395     0.925000        11838        13.33
       0.414     0.937500        11999        16.00
       0.428     0.943750        12080        17.78
       0.440     0.950000        12160        20.00
       0.450     0.956250        12246        22.86
       0.461     0.962500        12324        26.67
       0.480     0.968750        12401        32.00
       0.487     0.971875        12447        35.56
       0.498     0.975000        12481        40.00
       0.504     0.978125        12518        45.71
       0.511     0.981250        12561        53.33
       0.522     0.984375        12598        64.00
       0.531     0.985938        12621        71.11
       0.536     0.987500        12638        80.00
       0.547     0.989062        12659        91.43
       0.555     0.990625        12679       106.67
       0.561     0.992188        12698       128.00
       0.568     0.992969        12708       142.22
       0.577     0.993750        12721       160.00
       0.582     0.994531        12728       182.86
       0.589     0.995313        12738       213.33
       0.599     0.996094        12748       256.00
       0.603     0.996484        12753       284.44
       0.616     0.996875        12758       320.00
       0.628     0.997266        12763       365.71
       0.639     0.997656        12768       426.67
       0.655     0.998047        12773       512.00
       0.678     0.998242        12775       568.89
       0.691     0.998437        12779       640.00
       0.711     0.998633        12780       731.43
       0.726     0.998828        12783       853.33
       0.729     0.999023        12785      1024.00
       0.731     0.999121        12787      1137.78
       0.732     0.999219        12788      1280.00
       0.733     0.999316        12789      1462.86
       0.781     0.999414        12790      1706.67
       0.888     0.999512        12791      2048.00
       3.791     0.999561        12792      2275.56
       4.387     0.999609        12793      2560.00
       4.387     0.999658        12793      2925.71
       4.431     0.999707        12794      3413.33
       4.431     0.999756        12794      4096.00
       4.791     0.999780        12795      4551.11
       4.791     0.999805        12795      5120.00
       4.791     0.999829        12795      5851.43
       5.475     0.999854        12796      6826.67
       5.475     0.999878        12796      8192.00
       5.475     0.999890        12796      9102.22
       5.475     0.999902        12796     10240.00
       5.475     0.999915        12796     11702.86
       5.551     0.999927        12797     13653.33
       5.551     1.000000        12797          inf
#[Mean    =        0.192, StdDeviation   =        0.153]
#[Max     =        5.548, Total count    =        12797]
#[Buckets =           27, SubBuckets     =         2048]
-----------------------------------------------------------------------
  15356 requests in 1.00m, 3.05MB read
Requests/sec:    255.93  
Transfer/sec:     51.98KB
