Running 1m test @ http://localhost:8888/
  4 threads and 10 connections

  Thread calibration: mean lat.: 2.774ms, rate sampling interval: 10ms
  Thread calibration: mean lat.: 5.705ms, rate sampling interval: 15ms
  Thread calibration: mean lat.: 4.327ms, rate sampling interval: 13ms
  Thread calibration: mean lat.: 4.893ms, rate sampling interval: 13ms
reconnect_socket
reconnect_socket
reconnect_socket
reconnect_socket
reconnect_socket
reconnect_socket
reconnect_socket
reconnect_socket

-----------------------------------------------------------------------
Test Results @ http://localhost:8888/ 
  Thread Stats   Avg      Stdev     99%   +/- Stdev
    Latency     4.06ms    1.95ms   8.02ms   64.27%
    Req/Sec    66.72     75.61   222.00     76.81%
  Latency Distribution (HdrHistogram - Recorded Latency)
 50.000%    3.79ms
 75.000%    5.63ms
 90.000%    6.85ms
 99.000%    8.02ms
 99.900%    9.53ms
 99.990%   21.12ms
 99.999%   22.06ms
100.000%   22.06ms

  Detailed Percentile spectrum:
       Value   Percentile   TotalCount 1/(1-Percentile)

       0.215     0.000000            1         1.00
       1.381     0.100000         1287         1.11
       2.335     0.200000         2561         1.25
       2.691     0.300000         3844         1.43
       3.331     0.400000         5121         1.67
       3.785     0.500000         6401         2.00
       4.167     0.550000         7045         2.22
       4.491     0.600000         7690         2.50
       4.819     0.650000         8325         2.86
       5.271     0.700000         8963         3.33
       5.631     0.750000         9607         4.00
       5.791     0.775000         9925         4.44
       5.951     0.800000        10248         5.00
       6.079     0.825000        10560         5.71
       6.407     0.850000        10883         6.67
       6.647     0.875000        11200         8.00
       6.747     0.887500        11360         8.89
       6.851     0.900000        11524        10.00
       6.927     0.912500        11688        11.43
       7.003     0.925000        11852        13.33
       7.099     0.937500        12001        16.00
       7.159     0.943750        12081        17.78
       7.235     0.950000        12161        20.00
       7.311     0.956250        12240        22.86
       7.435     0.962500        12324        26.67
       7.551     0.968750        12400        32.00
       7.611     0.971875        12442        35.56
       7.675     0.975000        12482        40.00
       7.731     0.978125        12520        45.71
       7.787     0.981250        12564        53.33
       7.851     0.984375        12600        64.00
       7.883     0.985938        12620        71.11
       7.935     0.987500        12643        80.00
       7.987     0.989062        12660        91.43
       8.035     0.990625        12682       106.67
       8.079     0.992188        12702       128.00
       8.095     0.992969        12710       142.22
       8.123     0.993750        12720       160.00
       8.155     0.994531        12730       182.86
       8.239     0.995313        12742       213.33
       8.311     0.996094        12751       256.00
       8.351     0.996484        12756       284.44
       8.407     0.996875        12762       320.00
       8.479     0.997266        12765       365.71
       8.575     0.997656        12770       426.67
       8.799     0.998047        12775       512.00
       8.887     0.998242        12778       568.89
       9.031     0.998437        12780       640.00
       9.263     0.998633        12783       731.43
       9.431     0.998828        12785       853.33
       9.535     0.999023        12788      1024.00
       9.631     0.999121        12789      1137.78
       9.831     0.999219        12790      1280.00
      10.879     0.999316        12792      1462.86
      11.055     0.999414        12793      1706.67
      17.743     0.999512        12794      2048.00
      18.735     0.999561        12795      2275.56
      18.735     0.999609        12795      2560.00
      19.695     0.999658        12796      2925.71
      20.575     0.999707        12797      3413.33
      20.575     0.999756        12797      4096.00
      20.607     0.999780        12798      4551.11
      20.607     0.999805        12798      5120.00
      20.607     0.999829        12798      5851.43
      21.119     0.999854        12799      6826.67
      21.119     0.999878        12799      8192.00
      21.119     0.999890        12799      9102.22
      21.119     0.999902        12799     10240.00
      21.119     0.999915        12799     11702.86
      22.063     0.999927        12800     13653.33
      22.063     1.000000        12800          inf
#[Mean    =        4.064, StdDeviation   =        1.950]
#[Max     =       22.048, Total count    =        12800]
#[Buckets =           27, SubBuckets     =         2048]
-----------------------------------------------------------------------
  15355 requests in 1.00m, 13.16MB read
Requests/sec:    255.90  
Transfer/sec:    224.66KB
