Running 10s test @ http://localhost:8888/
  4 threads and 10 connections

reconnect_socket
reconnect_socket
reconnect_socket
reconnect_socket
reconnect_socket
reconnect_socket
reconnect_socket
reconnect_socket
reconnect_socket
reconnect_socket
reconnect_socket
reconnect_socket
reconnect_socket
reconnect_socket
reconnect_socket
reconnect_socket
  Thread calibration: mean lat.: 0.769ms, rate sampling interval: 10ms

-----------------------------------------------------------------------
Test Results @ http://localhost:8888/ 
  Thread Stats   Avg      Stdev     99%   +/- Stdev
    Latency   831.90us  611.28us   3.45ms   90.24%
    Req/Sec       -nan      -nan   0.00      0.00%
  Latency Distribution (HdrHistogram - Recorded Latency)
 50.000%  667.00us
 75.000%    0.98ms
 90.000%    1.40ms
 99.000%    3.45ms
 99.900%    5.26ms
 99.990%    6.20ms
 99.999%    6.53ms
100.000%    6.53ms

  Detailed Percentile spectrum:
       Value   Percentile   TotalCount 1/(1-Percentile)

       0.196     0.000000            1         1.00
       0.352     0.100000         1553         1.11
       0.383     0.200000         3091         1.25
       0.472     0.300000         4614         1.43
       0.600     0.400000         6142         1.67
       0.667     0.500000         7679         2.00
       0.721     0.550000         8448         2.22
       0.791     0.600000         9213         2.50
       0.873     0.650000         9989         2.86
       0.925     0.700000        10750         3.33
       0.977     0.750000        11522         4.00
       1.027     0.775000        11904         4.44
       1.089     0.800000        12288         5.00
       1.154     0.825000        12671         5.71
       1.221     0.850000        13053         6.67
       1.299     0.875000        13437         8.00
       1.343     0.887500        13631         8.89
       1.396     0.900000        13819        10.00
       1.483     0.912500        14012        11.43
       1.577     0.925000        14203        13.33
       1.701     0.937500        14395        16.00
       1.843     0.943750        14491        17.78
       2.012     0.950000        14587        20.00
       2.107     0.956250        14684        22.86
       2.299     0.962500        14779        26.67
       2.565     0.968750        14875        32.00
       2.615     0.971875        14924        35.56
       2.659     0.975000        14972        40.00
       2.935     0.978125        15019        45.71
       3.079     0.981250        15067        53.33
       3.123     0.984375        15118        64.00
       3.147     0.985938        15139        71.11
       3.189     0.987500        15164        80.00
       3.361     0.989062        15187        91.43
       3.507     0.990625        15211       106.67
       3.605     0.992188        15236       128.00
       3.627     0.992969        15248       142.22
       3.649     0.993750        15261       160.00
       3.667     0.994531        15273       182.86
       3.745     0.995313        15283       213.33
       3.887     0.996094        15295       256.00
       3.937     0.996484        15301       284.44
       4.107     0.996875        15307       320.00
       4.199     0.997266        15314       365.71
       4.219     0.997656        15320       426.67
       4.283     0.998047        15325       512.00
       4.379     0.998242        15328       568.89
       4.643     0.998437        15331       640.00
       4.711     0.998633        15334       731.43
       5.255     0.998828        15338       853.33
       5.303     0.999023        15340      1024.00
       5.347     0.999121        15341      1137.78
       5.607     0.999219        15343      1280.00
       5.755     0.999316        15344      1462.86
       5.843     0.999414        15346      1706.67
       5.955     0.999512        15347      2048.00
       6.055     0.999561        15348      2275.56
       6.063     0.999609        15349      2560.00
       6.063     0.999658        15349      2925.71
       6.095     0.999707        15350      3413.33
       6.167     0.999756        15351      4096.00
       6.167     0.999780        15351      4551.11
       6.203     0.999805        15352      5120.00
       6.203     0.999829        15352      5851.43
       6.203     0.999854        15352      6826.67
       6.427     0.999878        15353      8192.00
       6.427     0.999890        15353      9102.22
       6.427     0.999902        15353     10240.00
       6.427     0.999915        15353     11702.86
       6.427     0.999927        15353     13653.33
       6.531     0.999939        15354     16384.00
       6.531     1.000000        15354          inf
#[Mean    =        0.832, StdDeviation   =        0.611]
#[Max     =        6.528, Total count    =        15354]
#[Buckets =           27, SubBuckets     =         2048]
-----------------------------------------------------------------------
  20476 requests in 10.00s, 22.46MB read
Requests/sec:   2047.34  
Transfer/sec:      2.25MB
