Running 1m test @ http://localhost:8888/
  2 threads and 10 connections

  Thread calibration: mean lat.: 0.121ms, rate sampling interval: 10ms
  Thread calibration: mean lat.: 0.124ms, rate sampling interval: 10ms
reconnect_socket
reconnect_socket
reconnect_socket
reconnect_socket
reconnect_socket
reconnect_socket
reconnect_socket
reconnect_socket
reconnect_socket
reconnect_socket

-----------------------------------------------------------------------
Test Results @ http://localhost:8888/ 
  Thread Stats   Avg      Stdev     99%   +/- Stdev
    Latency   135.16us  152.62us 440.00us   94.00%
    Req/Sec   134.86    199.44   555.00     79.63%
  Latency Distribution (HdrHistogram - Recorded Latency)
 50.000%  115.00us
 75.000%  156.00us
 90.000%  233.00us
 99.000%  440.00us
 99.900%    2.54ms
 99.990%    5.07ms
 99.999%    5.17ms
100.000%    5.17ms

  Detailed Percentile spectrum:
       Value   Percentile   TotalCount 1/(1-Percentile)

       0.022     0.000000            1         1.00
       0.051     0.100000         1305         1.11
       0.067     0.200000         2595         1.25
       0.081     0.300000         3868         1.43
       0.102     0.400000         5117         1.67
       0.115     0.500000         6486         2.00
       0.120     0.550000         7091         2.22
       0.125     0.600000         7750         2.50
       0.131     0.650000         8320         2.86
       0.147     0.700000         8991         3.33
       0.156     0.750000         9660         4.00
       0.159     0.775000         9928         4.44
       0.165     0.800000        10263         5.00
       0.174     0.825000        10555         5.71
       0.191     0.850000        10877         6.67
       0.213     0.875000        11197         8.00
       0.224     0.887500        11361         8.89
       0.233     0.900000        11521        10.00
       0.246     0.912500        11680        11.43
       0.259     0.925000        11835        13.33
       0.282     0.937500        11994        16.00
       0.298     0.943750        12073        17.78
       0.311     0.950000        12160        20.00
       0.323     0.956250        12233        22.86
       0.337     0.962500        12316        26.67
       0.351     0.968750        12395        32.00
       0.357     0.971875        12432        35.56
       0.363     0.975000        12473        40.00
       0.376     0.978125        12514        45.71
       0.383     0.981250        12553        53.33
       0.395     0.984375        12592        64.00
       0.405     0.985938        12615        71.11
       0.418     0.987500        12632        80.00
       0.429     0.989062        12654        91.43
       0.450     0.990625        12672       106.67
       0.463     0.992188        12692       128.00
       0.473     0.992969        12703       142.22
       0.482     0.993750        12712       160.00
       0.491     0.994531        12722       182.86
       0.502     0.995313        12732       213.33
       0.523     0.996094        12742       256.00
       0.542     0.996484        12747       284.44
       0.566     0.996875        12752       320.00
       0.599     0.997266        12757       365.71
       0.641     0.997656        12762       426.67
       0.736     0.998047        12767       512.00
       0.813     0.998242        12769       568.89
       1.759     0.998437        12772       640.00
       1.921     0.998633        12774       731.43
       2.024     0.998828        12777       853.33
       2.551     0.999023        12779      1024.00
       2.855     0.999121        12780      1137.78
       3.019     0.999219        12782      1280.00
       3.569     0.999316        12783      1462.86
       3.575     0.999414        12784      1706.67
       3.969     0.999512        12785      2048.00
       4.003     0.999561        12786      2275.56
       4.049     0.999609        12787      2560.00
       4.049     0.999658        12787      2925.71
       4.069     0.999707        12788      3413.33
       4.069     0.999756        12788      4096.00
       4.899     0.999780        12789      4551.11
       4.899     0.999805        12789      5120.00
       4.899     0.999829        12789      5851.43
       5.067     0.999854        12790      6826.67
       5.067     0.999878        12790      8192.00
       5.067     0.999890        12790      9102.22
       5.067     0.999902        12790     10240.00
       5.067     0.999915        12790     11702.86
       5.171     0.999927        12791     13653.33
       5.171     1.000000        12791          inf
#[Mean    =        0.135, StdDeviation   =        0.153]
#[Max     =        5.168, Total count    =        12791]
#[Buckets =           27, SubBuckets     =         2048]
-----------------------------------------------------------------------
  15352 requests in 1.00m, 2.40MB read
Requests/sec:    255.87  
Transfer/sec:     40.98KB
