Running 30s test @ http://localhost:8888/
  2 threads and 10 connections

  Thread calibration: mean lat.: 1.089ms, rate sampling interval: 10ms
  Thread calibration: mean lat.: 1.024ms, rate sampling interval: 10ms
reconnect_socket
reconnect_socket
reconnect_socket
reconnect_socket
reconnect_socket
reconnect_socket
reconnect_socket
reconnect_socket
reconnect_socket
reconnect_socket

-----------------------------------------------------------------------
Test Results @ http://localhost:8888/ 
  Thread Stats   Avg      Stdev     99%   +/- Stdev
    Latency     1.04ms  577.56us   2.62ms   74.00%
    Req/Sec   269.56    210.69   555.00     43.68%
  Latency Distribution (HdrHistogram - Recorded Latency)
 50.000%    0.97ms
 75.000%    1.38ms
 90.000%    1.82ms
 99.000%    2.62ms
 99.900%    5.17ms
 99.990%    6.84ms
 99.999%    6.87ms
100.000%    6.87ms

  Detailed Percentile spectrum:
       Value   Percentile   TotalCount 1/(1-Percentile)

       0.195     0.000000            1         1.00
       0.431     0.100000         1023         1.11
       0.560     0.200000         2053         1.25
       0.636     0.300000         3070         1.43
       0.778     0.400000         4096         1.67
       0.966     0.500000         5116         2.00
       1.028     0.550000         5632         2.22
       1.066     0.600000         6151         2.50
       1.115     0.650000         6659         2.86
       1.205     0.700000         7161         3.33
       1.384     0.750000         7674         4.00
       1.501     0.775000         7929         4.44
       1.550     0.800000         8193         5.00
       1.577     0.825000         8443         5.71
       1.603     0.850000         8706         6.67
       1.649     0.875000         8952         8.00
       1.711     0.887500         9081         8.89
       1.816     0.900000         9207        10.00
       1.976     0.912500         9337        11.43
       2.049     0.925000         9467        13.33
       2.083     0.937500         9593        16.00
       2.093     0.943750         9659        17.78
       2.105     0.950000         9727        20.00
       2.115     0.956250         9791        22.86
       2.131     0.962500         9850        26.67
       2.157     0.968750         9913        32.00
       2.189     0.971875         9944        35.56
       2.247     0.975000         9975        40.00
       2.339     0.978125        10007        45.71
       2.485     0.981250        10039        53.33
       2.555     0.984375        10071        64.00
       2.577     0.985938        10089        71.11
       2.599     0.987500        10104        80.00
       2.613     0.989062        10121        91.43
       2.621     0.990625        10135       106.67
       2.633     0.992188        10151       128.00
       2.639     0.992969        10161       142.22
       2.651     0.993750        10169       160.00
       2.657     0.994531        10176       182.86
       2.683     0.995313        10184       213.33
       2.739     0.996094        10191       256.00
       2.803     0.996484        10195       284.44
       2.865     0.996875        10199       320.00
       2.997     0.997266        10203       365.71
       3.067     0.997656        10207       426.67
       3.143     0.998047        10211       512.00
       3.599     0.998242        10213       568.89
       4.103     0.998437        10215       640.00
       4.543     0.998633        10217       731.43
       5.099     0.998828        10219       853.33
       5.311     0.999023        10221      1024.00
       5.531     0.999121        10222      1137.78
       5.603     0.999219        10223      1280.00
       5.667     0.999316        10224      1462.86
       5.695     0.999414        10225      1706.67
       5.707     0.999512        10226      2048.00
       5.707     0.999561        10226      2275.56
       5.755     0.999609        10227      2560.00
       5.755     0.999658        10227      2925.71
       6.143     0.999707        10228      3413.33
       6.143     0.999756        10228      4096.00
       6.143     0.999780        10228      4551.11
       6.839     0.999805        10229      5120.00
       6.839     0.999829        10229      5851.43
       6.839     0.999854        10229      6826.67
       6.839     0.999878        10229      8192.00
       6.839     0.999890        10229      9102.22
       6.867     0.999902        10230     10240.00
       6.867     1.000000        10230          inf
#[Mean    =        1.035, StdDeviation   =        0.578]
#[Max     =        6.864, Total count    =        10230]
#[Buckets =           27, SubBuckets     =         2048]
-----------------------------------------------------------------------
  15352 requests in 30.00s, 16.84MB read
Requests/sec:    511.71  
Transfer/sec:    574.67KB
