Running 10s test @ http://localhost:8888/
  2 threads and 10 connections

reconnect_socket
reconnect_socket
reconnect_socket
reconnect_socket
reconnect_socket
reconnect_socket
reconnect_socket
reconnect_socket
reconnect_socket
reconnect_socket

-----------------------------------------------------------------------
Test Results @ http://localhost:8888/ 
  Thread Stats   Avg      Stdev     99%   +/- Stdev
    Latency     2.33ms    2.57ms  10.18ms   83.78%
    Req/Sec       -nan      -nan   0.00      0.00%
  Latency Distribution (HdrHistogram - Recorded Latency)
 50.000%    1.15ms
 75.000%    3.36ms
 90.000%    6.74ms
 99.000%   10.18ms
 99.900%   14.90ms
 99.990%   18.06ms
 99.999%   22.82ms
100.000%   22.82ms

  Detailed Percentile spectrum:
       Value   Percentile   TotalCount 1/(1-Percentile)

       0.402     0.000000            1         1.00
       0.445     0.100000         1057         1.11
       0.478     0.200000         2081         1.25
       0.773     0.300000         3093         1.43
       0.862     0.400000         4092         1.67
       1.148     0.500000         5117         2.00
       1.219     0.550000         5631         2.22
       1.399     0.600000         6139         2.50
       1.724     0.650000         6650         2.86
       2.357     0.700000         7162         3.33
       3.359     0.750000         7673         4.00
       3.675     0.775000         7931         4.44
       4.387     0.800000         8186         5.00
       4.595     0.825000         8441         5.71
       5.539     0.850000         8696         6.67
       5.715     0.875000         8960         8.00
       6.219     0.887500         9082         8.89
       6.735     0.900000         9211        10.00
       6.791     0.912500         9344        11.43
       6.899     0.925000         9463        13.33
       7.811     0.937500         9591        16.00
       7.879     0.943750         9655        17.78
       7.907     0.950000         9721        20.00
       7.963     0.956250         9784        22.86
       8.439     0.962500         9848        26.67
       8.959     0.968750         9912        32.00
       8.999     0.971875         9943        35.56
       9.023     0.975000         9977        40.00
       9.055     0.978125        10007        45.71
       9.223     0.981250        10039        53.33
       9.863     0.984375        10071        64.00
      10.055     0.985938        10088        71.11
      10.119     0.987500        10103        80.00
      10.159     0.989062        10120        91.43
      10.199     0.990625        10136       106.67
      10.807     0.992188        10151       128.00
      10.975     0.992969        10160       142.22
      11.151     0.993750        10167       160.00
      11.271     0.994531        10175       182.86
      11.479     0.995313        10183       213.33
      12.175     0.996094        10191       256.00
      12.327     0.996484        10195       284.44
      12.431     0.996875        10199       320.00
      12.543     0.997266        10203       365.71
      13.415     0.997656        10207       426.67
      13.679     0.998047        10211       512.00
      13.735     0.998242        10213       568.89
      14.527     0.998437        10215       640.00
      14.759     0.998633        10218       731.43
      14.783     0.998828        10219       853.33
      15.439     0.999023        10221      1024.00
      15.927     0.999121        10222      1137.78
      16.215     0.999219        10223      1280.00
      16.231     0.999316        10224      1462.86
      17.007     0.999414        10225      1706.67
      17.039     0.999512        10226      2048.00
      17.039     0.999561        10226      2275.56
      17.055     0.999609        10227      2560.00
      17.055     0.999658        10227      2925.71
      17.695     0.999707        10228      3413.33
      17.695     0.999756        10228      4096.00
      17.695     0.999780        10228      4551.11
      18.063     0.999805        10229      5120.00
      18.063     0.999829        10229      5851.43
      18.063     0.999854        10229      6826.67
      18.063     0.999878        10229      8192.00
      18.063     0.999890        10229      9102.22
      22.815     0.999902        10230     10240.00
      22.815     1.000000        10230          inf
#[Mean    =        2.327, StdDeviation   =        2.569]
#[Max     =       22.800, Total count    =        10230]
#[Buckets =           27, SubBuckets     =         2048]
-----------------------------------------------------------------------
  10232 requests in 10.00s, 8.77MB read
Requests/sec:   1023.05  
Transfer/sec:      0.88MB
