Running 10s test @ http://localhost:8888/
  2 threads and 10 connections


-----------------------------------------------------------------------
Test Results @ http://localhost:8888/ 
  Thread Stats   Avg      Stdev     99%   +/- Stdev
    Latency     4.22ms    2.09ms   8.58ms   63.06%
    Req/Sec       -nan      -nan   0.00      0.00%
  Latency Distribution (HdrHistogram - Recorded Latency)
 50.000%    3.81ms
 75.000%    5.74ms
 90.000%    7.29ms
 99.000%    8.58ms
 99.900%   10.72ms
 99.990%   12.29ms
 99.999%   12.29ms
100.000%   12.29ms

  Detailed Percentile spectrum:
       Value   Percentile   TotalCount 1/(1-Percentile)

       0.424     0.000000            1         1.00
       1.459     0.100000          255         1.11
       2.317     0.200000          510         1.25
       2.661     0.300000          766         1.43
       3.449     0.400000         1021         1.67
       3.813     0.500000         1275         2.00
       4.515     0.550000         1405         2.22
       4.591     0.600000         1536         2.50
       4.679     0.650000         1664         2.86
       5.587     0.700000         1785         3.33
       5.739     0.750000         1914         4.00
       5.807     0.775000         1977         4.44
       6.331     0.800000         2040         5.00
       6.763     0.825000         2105         5.71
       6.815     0.850000         2173         6.67
       6.855     0.875000         2232         8.00
       6.903     0.887500         2265         8.89
       7.287     0.900000         2295        10.00
       7.799     0.912500         2327        11.43
       7.883     0.925000         2363        13.33
       7.915     0.937500         2396        16.00
       7.923     0.943750         2407        17.78
       7.935     0.950000         2423        20.00
       7.947     0.956250         2439        22.86
       7.959     0.962500         2456        26.67
       7.975     0.968750         2471        32.00
       7.983     0.971875         2480        35.56
       7.999     0.975000         2492        40.00
       8.007     0.978125         2495        45.71
       8.039     0.981250         2504        53.33
       8.087     0.984375         2511        64.00
       8.139     0.985938         2515        71.11
       8.455     0.987500         2519        80.00
       8.551     0.989062         2524        91.43
       8.639     0.990625         2527       106.67
       9.031     0.992188         2531       128.00
       9.087     0.992969         2533       142.22
       9.143     0.993750         2535       160.00
       9.151     0.994531         2537       182.86
       9.159     0.995313         2539       213.33
       9.223     0.996094         2542       256.00
       9.223     0.996484         2542       284.44
       9.295     0.996875         2543       320.00
       9.407     0.997266         2544       365.71
       9.671     0.997656         2545       426.67
      10.351     0.998047         2546       512.00
      10.351     0.998242         2546       568.89
      10.719     0.998437         2547       640.00
      10.719     0.998633         2547       731.43
      11.303     0.998828         2548       853.33
      11.303     0.999023         2548      1024.00
      11.303     0.999121         2548      1137.78
      11.831     0.999219         2549      1280.00
      11.831     0.999316         2549      1462.86
      11.831     0.999414         2549      1706.67
      11.831     0.999512         2549      2048.00
      11.831     0.999561         2549      2275.56
      12.287     0.999609         2550      2560.00
      12.287     1.000000         2550          inf
#[Mean    =        4.224, StdDeviation   =        2.085]
#[Max     =       12.280, Total count    =         2550]
#[Buckets =           27, SubBuckets     =         2048]
-----------------------------------------------------------------------
  2552 requests in 10.00s, 2.19MB read
Requests/sec:    255.12  
Transfer/sec:    223.97KB
