Running 10s test @ http://localhost:8888/
  2 threads and 10 connections


-----------------------------------------------------------------------
Test Results @ http://localhost:8888/ 
  Thread Stats   Avg      Stdev     99%   +/- Stdev
    Latency   136.51us  191.40us 430.00us   97.30%
    Req/Sec       -nan      -nan   0.00      0.00%
  Latency Distribution (HdrHistogram - Recorded Latency)
 50.000%  122.00us
 75.000%  163.00us
 90.000%  200.00us
 99.000%  430.00us
 99.900%    4.03ms
 99.990%    4.70ms
 99.999%    4.72ms
100.000%    4.72ms

  Detailed Percentile spectrum:
       Value   Percentile   TotalCount 1/(1-Percentile)

       0.020     0.000000            1         1.00
       0.052     0.100000          526         1.11
       0.067     0.200000         1030         1.25
       0.086     0.300000         1547         1.43
       0.103     0.400000         2065         1.67
       0.122     0.500000         2574         2.00
       0.127     0.550000         2873         2.22
       0.132     0.600000         3109         2.50
       0.139     0.650000         3323         2.86
       0.152     0.700000         3589         3.33
       0.163     0.750000         3854         4.00
       0.166     0.775000         3964         4.44
       0.170     0.800000         4098         5.00
       0.174     0.825000         4228         5.71
       0.179     0.850000         4355         6.67
       0.188     0.875000         4480         8.00
       0.193     0.887500         4547         8.89
       0.200     0.900000         4599        10.00
       0.209     0.912500         4664        11.43
       0.222     0.925000         4733        13.33
       0.235     0.937500         4793        16.00
       0.240     0.943750         4824        17.78
       0.252     0.950000         4858        20.00
       0.264     0.956250         4887        22.86
       0.289     0.962500         4920        26.67
       0.312     0.968750         4951        32.00
       0.324     0.971875         4967        35.56
       0.336     0.975000         4983        40.00
       0.341     0.978125         5002        45.71
       0.361     0.981250         5015        53.33
       0.375     0.984375         5031        64.00
       0.388     0.985938         5039        71.11
       0.403     0.987500         5047        80.00
       0.425     0.989062         5055        91.43
       0.437     0.990625         5063       106.67
       0.473     0.992188         5072       128.00
       0.480     0.992969         5075       142.22
       0.493     0.993750         5079       160.00
       0.510     0.994531         5083       182.86
       0.519     0.995313         5087       213.33
       0.579     0.996094         5091       256.00
       0.600     0.996484         5093       284.44
       1.018     0.996875         5095       320.00
       2.081     0.997266         5097       365.71
       2.195     0.997656         5099       426.67
       3.065     0.998047         5101       512.00
       3.079     0.998242         5102       568.89
       3.095     0.998437         5103       640.00
       3.643     0.998633         5104       731.43
       4.027     0.998828         5105       853.33
       4.033     0.999023         5106      1024.00
       4.033     0.999121         5106      1137.78
       4.091     0.999219         5107      1280.00
       4.091     0.999316         5107      1462.86
       4.143     0.999414         5108      1706.67
       4.143     0.999512         5108      2048.00
       4.143     0.999561         5108      2275.56
       4.695     0.999609         5109      2560.00
       4.695     0.999658         5109      2925.71
       4.695     0.999707         5109      3413.33
       4.695     0.999756         5109      4096.00
       4.695     0.999780         5109      4551.11
       4.715     0.999805         5110      5120.00
       4.715     1.000000         5110          inf
#[Mean    =        0.137, StdDeviation   =        0.191]
#[Max     =        4.712, Total count    =         5110]
#[Buckets =           27, SubBuckets     =         2048]
-----------------------------------------------------------------------
  5112 requests in 10.00s, 1.01MB read
Requests/sec:    511.13  
Transfer/sec:    103.82KB
