Running 10s test @ http://localhost:8888/
  2 threads and 10 connections


-----------------------------------------------------------------------
Test Results @ http://localhost:8888/ 
  Thread Stats   Avg      Stdev     99%   +/- Stdev
    Latency     4.43ms    2.21ms   8.16ms   57.24%
    Req/Sec       -nan      -nan   0.00      0.00%
  Latency Distribution (HdrHistogram - Recorded Latency)
 50.000%    4.57ms
 75.000%    6.60ms
 90.000%    7.47ms
 99.000%    8.16ms
 99.900%    9.24ms
 99.990%   10.90ms
 99.999%   11.96ms
100.000%   11.96ms

  Detailed Percentile spectrum:
       Value   Percentile   TotalCount 1/(1-Percentile)

       0.412     0.000000            1         1.00
       1.373     0.100000          513         1.11
       2.341     0.200000         1022         1.25
       2.581     0.300000         1536         1.43
       3.627     0.400000         2050         1.67
       4.575     0.500000         2556         2.00
       4.707     0.550000         2813         2.22
       4.863     0.600000         3068         2.50
       5.691     0.650000         3330         2.86
       5.811     0.700000         3583         3.33
       6.603     0.750000         3834         4.00
       6.791     0.775000         3962         4.44
       6.831     0.800000         4088         5.00
       6.867     0.825000         4227         5.71
       6.899     0.850000         4351         6.67
       6.947     0.875000         4474         8.00
       6.995     0.887500         4536         8.89
       7.467     0.900000         4599        10.00
       7.875     0.912500         4663        11.43
       7.919     0.925000         4735        13.33
       7.943     0.937500         4799        16.00
       7.955     0.943750         4827        17.78
       7.967     0.950000         4860        20.00
       7.979     0.956250         4887        22.86
       7.991     0.962500         4924        26.67
       8.003     0.968750         4952        32.00
       8.015     0.971875         4971        35.56
       8.023     0.975000         4987        40.00
       8.031     0.978125         4999        45.71
       8.055     0.981250         5015        53.33
       8.071     0.984375         5031        64.00
       8.083     0.985938         5039        71.11
       8.095     0.987500         5047        80.00
       8.127     0.989062         5055        91.43
       8.215     0.990625         5063       106.67
       8.959     0.992188         5071       128.00
       9.039     0.992969         5075       142.22
       9.087     0.993750         5079       160.00
       9.111     0.994531         5083       182.86
       9.127     0.995313         5087       213.33
       9.151     0.996094         5091       256.00
       9.167     0.996484         5094       284.44
       9.175     0.996875         5097       320.00
       9.175     0.997266         5097       365.71
       9.183     0.997656         5100       426.67
       9.191     0.998047         5101       512.00
       9.199     0.998242         5103       568.89
       9.199     0.998437         5103       640.00
       9.215     0.998633         5104       731.43
       9.239     0.998828         5105       853.33
       9.263     0.999023         5106      1024.00
       9.263     0.999121         5106      1137.78
      10.047     0.999219         5107      1280.00
      10.047     0.999316         5107      1462.86
      10.791     0.999414         5108      1706.67
      10.791     0.999512         5108      2048.00
      10.791     0.999561         5108      2275.56
      10.895     0.999609         5109      2560.00
      10.895     0.999658         5109      2925.71
      10.895     0.999707         5109      3413.33
      10.895     0.999756         5109      4096.00
      10.895     0.999780         5109      4551.11
      11.959     0.999805         5110      5120.00
      11.959     1.000000         5110          inf
#[Mean    =        4.427, StdDeviation   =        2.208]
#[Max     =       11.952, Total count    =         5110]
#[Buckets =           27, SubBuckets     =         2048]
-----------------------------------------------------------------------
  5112 requests in 10.00s, 4.38MB read
Requests/sec:    510.99  
Transfer/sec:    448.62KB
