Running 30s test @ http://localhost:8888/
  2 threads and 10 connections

  Thread calibration: mean lat.: 0.115ms, rate sampling interval: 10ms
  Thread calibration: mean lat.: 0.109ms, rate sampling interval: 10ms
reconnect_socket
reconnect_socket
reconnect_socket
reconnect_socket
reconnect_socket
reconnect_socket
reconnect_socket
reconnect_socket
reconnect_socket
reconnect_socket

-----------------------------------------------------------------------
Test Results @ http://localhost:8888/ 
  Thread Stats   Avg      Stdev     99%   +/- Stdev
    Latency   123.06us   70.11us 419.00us   81.49%
    Req/Sec   268.91    219.70   555.00     36.43%
  Latency Distribution (HdrHistogram - Recorded Latency)
 50.000%  115.00us
 75.000%  148.00us
 90.000%  180.00us
 99.000%  419.00us
 99.900%  669.00us
 99.990%  743.00us
 99.999%  755.00us
100.000%  755.00us

  Detailed Percentile spectrum:
       Value   Percentile   TotalCount 1/(1-Percentile)

       0.015     0.000000            1         1.00
       0.051     0.100000         1047         1.11
       0.070     0.200000         2072         1.25
       0.093     0.300000         3107         1.43
       0.110     0.400000         4260         1.67
       0.115     0.500000         5277         2.00
       0.118     0.550000         5719         2.22
       0.122     0.600000         6180         2.50
       0.129     0.650000         6671         2.86
       0.140     0.700000         7169         3.33
       0.148     0.750000         7744         4.00
       0.150     0.775000         7989         4.44
       0.153     0.800000         8254         5.00
       0.156     0.825000         8457         5.71
       0.161     0.850000         8698         6.67
       0.169     0.875000         8953         8.00
       0.175     0.887500         9100         8.89
       0.180     0.900000         9213        10.00
       0.190     0.912500         9344        11.43
       0.202     0.925000         9475        13.33
       0.215     0.937500         9598        16.00
       0.226     0.943750         9661        17.78
       0.233     0.950000         9724        20.00
       0.244     0.956250         9785        22.86
       0.262     0.962500         9848        26.67
       0.294     0.968750         9912        32.00
       0.304     0.971875         9946        35.56
       0.320     0.975000         9977        40.00
       0.332     0.978125        10008        45.71
       0.350     0.981250        10041        53.33
       0.374     0.984375        10072        64.00
       0.391     0.985938        10089        71.11
       0.403     0.987500        10104        80.00
       0.414     0.989062        10121        91.43
       0.422     0.990625        10137       106.67
       0.435     0.992188        10152       128.00
       0.448     0.992969        10160       142.22
       0.453     0.993750        10168       160.00
       0.461     0.994531        10176       182.86
       0.479     0.995313        10184       213.33
       0.502     0.996094        10192       256.00
       0.529     0.996484        10196       284.44
       0.539     0.996875        10200       320.00
       0.558     0.997266        10204       365.71
       0.571     0.997656        10208       426.67
       0.605     0.998047        10212       512.00
       0.614     0.998242        10214       568.89
       0.617     0.998437        10216       640.00
       0.652     0.998633        10218       731.43
       0.662     0.998828        10220       853.33
       0.680     0.999023        10222      1024.00
       0.689     0.999121        10223      1137.78
       0.709     0.999219        10225      1280.00
       0.709     0.999316        10225      1462.86
       0.719     0.999414        10226      1706.67
       0.727     0.999512        10227      2048.00
       0.727     0.999561        10227      2275.56
       0.728     0.999609        10228      2560.00
       0.728     0.999658        10228      2925.71
       0.739     0.999707        10229      3413.33
       0.739     0.999756        10229      4096.00
       0.739     0.999780        10229      4551.11
       0.743     0.999805        10230      5120.00
       0.743     0.999829        10230      5851.43
       0.743     0.999854        10230      6826.67
       0.743     0.999878        10230      8192.00
       0.743     0.999890        10230      9102.22
       0.755     0.999902        10231     10240.00
       0.755     1.000000        10231          inf
#[Mean    =        0.123, StdDeviation   =        0.070]
#[Max     =        0.755, Total count    =        10231]
#[Buckets =           27, SubBuckets     =         2048]
-----------------------------------------------------------------------
  15352 requests in 30.00s, 2.40MB read
Requests/sec:    511.71  
Transfer/sec:     81.95KB
