Running 10s test @ http://localhost:8888/
  4 threads and 10 connections

reconnect_socket
reconnect_socket
reconnect_socket
reconnect_socket
reconnect_socket
reconnect_socket
reconnect_socket
reconnect_socket
  Thread calibration: mean lat.: 1.828ms, rate sampling interval: 10ms
  Thread calibration: mean lat.: 2.034ms, rate sampling interval: 10ms

-----------------------------------------------------------------------
Test Results @ http://localhost:8888/ 
  Thread Stats   Avg      Stdev     99%   +/- Stdev
    Latency     1.58ms  783.23us   3.26ms   58.99%
    Req/Sec       -nan      -nan   0.00      0.00%
  Latency Distribution (HdrHistogram - Recorded Latency)
 50.000%    1.47ms
 75.000%    2.18ms
 90.000%    2.69ms
 99.000%    3.26ms
 99.900%    3.82ms
 99.990%    6.21ms
 99.999%    7.33ms
100.000%    7.33ms

  Detailed Percentile spectrum:
       Value   Percentile   TotalCount 1/(1-Percentile)

       0.367     0.000000            1         1.00
       0.631     0.100000          516         1.11
       0.782     0.200000         1028         1.25
       0.978     0.300000         1535         1.43
       1.202     0.400000         2047         1.67
       1.465     0.500000         2558         2.00
       1.602     0.550000         2816         2.22
       1.708     0.600000         3071         2.50
       1.905     0.650000         3329         2.86
       2.103     0.700000         3584         3.33
       2.179     0.750000         3845         4.00
       2.227     0.775000         3969         4.44
       2.347     0.800000         4094         5.00
       2.447     0.825000         4223         5.71
       2.571     0.850000         4350         6.67
       2.649     0.875000         4481         8.00
       2.667     0.887500         4543         8.89
       2.687     0.900000         4608        10.00
       2.703     0.912500         4674        11.43
       2.731     0.925000         4734        13.33
       2.795     0.937500         4798        16.00
       2.865     0.943750         4830        17.78
       2.919     0.950000         4861        20.00
       2.979     0.956250         4895        22.86
       3.053     0.962500         4925        26.67
       3.185     0.968750         4958        32.00
       3.205     0.971875         4975        35.56
       3.215     0.975000         4989        40.00
       3.225     0.978125         5007        45.71
       3.237     0.981250         5026        53.33
       3.243     0.984375         5037        64.00
       3.249     0.985938         5049        71.11
       3.253     0.987500         5055        80.00
       3.259     0.989062         5063        91.43
       3.281     0.990625         5069       106.67
       3.303     0.992188         5077       128.00
       3.319     0.992969         5081       142.22
       3.353     0.993750         5085       160.00
       3.391     0.994531         5089       182.86
       3.435     0.995313         5093       213.33
       3.481     0.996094         5097       256.00
       3.501     0.996484         5099       284.44
       3.521     0.996875         5101       320.00
       3.603     0.997266         5103       365.71
       3.673     0.997656         5105       426.67
       3.703     0.998047         5107       512.00
       3.707     0.998242         5108       568.89
       3.735     0.998437         5109       640.00
       3.737     0.998633         5110       731.43
       3.819     0.998828         5111       853.33
       4.579     0.999023         5112      1024.00
       4.579     0.999121         5112      1137.78
       4.591     0.999219         5113      1280.00
       4.591     0.999316         5113      1462.86
       4.731     0.999414         5114      1706.67
       4.731     0.999512         5114      2048.00
       4.731     0.999561         5114      2275.56
       6.211     0.999609         5115      2560.00
       6.211     0.999658         5115      2925.71
       6.211     0.999707         5115      3413.33
       6.211     0.999756         5115      4096.00
       6.211     0.999780         5115      4551.11
       7.327     0.999805         5116      5120.00
       7.327     1.000000         5116          inf
#[Mean    =        1.584, StdDeviation   =        0.783]
#[Max     =        7.324, Total count    =         5116]
#[Buckets =           27, SubBuckets     =         2048]
-----------------------------------------------------------------------
  9979 requests in 10.00s, 10.94MB read
Requests/sec:    997.59  
Transfer/sec:      1.09MB
