Running 30s test @ http://localhost:8888/
  2 threads and 10 connections

reconnect_socket
reconnect_socket
reconnect_socket
reconnect_socket
reconnect_socket
reconnect_socket
reconnect_socket
reconnect_socket
reconnect_socket
reconnect_socket
  Thread calibration: mean lat.: 0.117ms, rate sampling interval: 10ms
  Thread calibration: mean lat.: 0.115ms, rate sampling interval: 10ms
reconnect_socket
reconnect_socket
reconnect_socket
reconnect_socket
reconnect_socket
reconnect_socket
reconnect_socket
reconnect_socket
reconnect_socket
reconnect_socket
reconnect_socket
reconnect_socket
reconnect_socket
reconnect_socket
reconnect_socket
reconnect_socket
reconnect_socket
reconnect_socket
reconnect_socket
reconnect_socket

-----------------------------------------------------------------------
Test Results @ http://localhost:8888/ 
  Thread Stats   Avg      Stdev     99%   +/- Stdev
    Latency   141.01us  107.37us 448.00us   92.45%
    Req/Sec   534.90     60.39   700.00     76.99%
  Latency Distribution (HdrHistogram - Recorded Latency)
 50.000%  121.00us
 75.000%  155.00us
 90.000%  218.00us
 99.000%  448.00us
 99.900%  649.00us
 99.990%    4.27ms
 99.999%    4.89ms
100.000%    4.89ms

  Detailed Percentile spectrum:
       Value   Percentile   TotalCount 1/(1-Percentile)

       0.015     0.000000            1         1.00
       0.064     0.100000         2096         1.11
       0.090     0.200000         4152         1.25
       0.111     0.300000         6378         1.43
       0.116     0.400000         8489         1.67
       0.121     0.500000        10257         2.00
       0.128     0.550000        11371         2.22
       0.141     0.600000        12308         2.50
       0.148     0.650000        13332         2.86
       0.152     0.700000        14586         3.33
       0.155     0.750000        15371         4.00
       0.158     0.775000        15937         4.44
       0.162     0.800000        16388         5.00
       0.170     0.825000        16933         5.71
       0.178     0.850000        17405         6.67
       0.195     0.875000        17921         8.00
       0.206     0.887500        18188         8.89
       0.218     0.900000        18428        10.00
       0.231     0.912500        18687        11.43
       0.244     0.925000        18938        13.33
       0.268     0.937500        19196        16.00
       0.286     0.943750        19326        17.78
       0.300     0.950000        19455        20.00
       0.312     0.956250        19578        22.86
       0.327     0.962500        19712        26.67
       0.345     0.968750        19834        32.00
       0.357     0.971875        19903        35.56
       0.364     0.975000        19963        40.00
       0.380     0.978125        20026        45.71
       0.391     0.981250        20090        53.33
       0.405     0.984375        20155        64.00
       0.415     0.985938        20185        71.11
       0.428     0.987500        20221        80.00
       0.441     0.989062        20252        91.43
       0.453     0.990625        20282       106.67
       0.462     0.992188        20314       128.00
       0.473     0.992969        20329       142.22
       0.485     0.993750        20346       160.00
       0.495     0.994531        20362       182.86
       0.504     0.995313        20377       213.33
       0.515     0.996094        20393       256.00
       0.521     0.996484        20403       284.44
       0.535     0.996875        20409       320.00
       0.554     0.997266        20417       365.71
       0.574     0.997656        20425       426.67
       0.590     0.998047        20434       512.00
       0.594     0.998242        20437       568.89
       0.607     0.998437        20441       640.00
       0.625     0.998633        20445       731.43
       0.644     0.998828        20449       853.33
       0.649     0.999023        20453      1024.00
       0.667     0.999121        20455      1137.78
       0.693     0.999219        20457      1280.00
       0.724     0.999316        20459      1462.86
       0.736     0.999414        20461      1706.67
       1.461     0.999512        20463      2048.00
       2.113     0.999561        20464      2275.56
       2.127     0.999609        20465      2560.00
       2.773     0.999658        20466      2925.71
       3.201     0.999707        20467      3413.33
       3.837     0.999756        20468      4096.00
       3.837     0.999780        20468      4551.11
       4.263     0.999805        20469      5120.00
       4.263     0.999829        20469      5851.43
       4.271     0.999854        20470      6826.67
       4.271     0.999878        20470      8192.00
       4.271     0.999890        20470      9102.22
       4.879     0.999902        20471     10240.00
       4.879     0.999915        20471     11702.86
       4.879     0.999927        20471     13653.33
       4.879     0.999939        20471     16384.00
       4.879     0.999945        20471     18204.44
       4.887     0.999951        20472     20480.00
       4.887     1.000000        20472          inf
#[Mean    =        0.141, StdDeviation   =        0.107]
#[Max     =        4.884, Total count    =        20472]
#[Buckets =           27, SubBuckets     =         2048]
-----------------------------------------------------------------------
  30714 requests in 30.00s, 4.80MB read
Requests/sec:   1023.78  
Transfer/sec:    163.96KB
