Running 30s test @ http://localhost:8888/
  2 threads and 10 connections

  Thread calibration: mean lat.: 3.009ms, rate sampling interval: 11ms
  Thread calibration: mean lat.: 3.121ms, rate sampling interval: 13ms
reconnect_socket
reconnect_socket
reconnect_socket
reconnect_socket
reconnect_socket
reconnect_socket
reconnect_socket
reconnect_socket
reconnect_socket
reconnect_socket

-----------------------------------------------------------------------
Test Results @ http://localhost:8888/ 
  Thread Stats   Avg      Stdev     99%   +/- Stdev
    Latency     3.42ms    2.00ms   7.86ms   56.06%
    Req/Sec   266.74    129.08   500.00     66.33%
  Latency Distribution (HdrHistogram - Recorded Latency)
 50.000%    3.37ms
 75.000%    4.66ms
 90.000%    6.74ms
 99.000%    7.86ms
 99.900%    8.46ms
 99.990%   10.75ms
 99.999%   10.76ms
100.000%   10.76ms

  Detailed Percentile spectrum:
       Value   Percentile   TotalCount 1/(1-Percentile)

       0.407     0.000000            3         1.00
       0.975     0.100000         1027         1.11
       1.313     0.200000         2048         1.25
       2.107     0.300000         3075         1.43
       2.467     0.400000         4102         1.67
       3.367     0.500000         5121         2.00
       3.471     0.550000         5635         2.22
       3.639     0.600000         6145         2.50
       4.467     0.650000         6658         2.86
       4.567     0.700000         7175         3.33
       4.663     0.750000         7680         4.00
       5.163     0.775000         7934         4.44
       5.627     0.800000         8197         5.00
       5.679     0.825000         8447         5.71
       5.735     0.850000         8711         6.67
       6.211     0.875000         8959         8.00
       6.695     0.887500         9091         8.89
       6.739     0.900000         9239        10.00
       6.755     0.912500         9348        11.43
       6.771     0.925000         9478        13.33
       6.791     0.937500         9630        16.00
       6.799     0.943750         9683        17.78
       6.811     0.950000         9746        20.00
       6.819     0.956250         9790        22.86
       6.835     0.962500         9870        26.67
       6.847     0.968750         9922        32.00
       6.855     0.971875         9951        35.56
       6.867     0.975000         9986        40.00
       6.883     0.978125        10014        45.71
       6.943     0.981250        10046        53.33
       7.039     0.984375        10078        64.00
       7.139     0.985938        10094        71.11
       7.335     0.987500        10110        80.00
       7.671     0.989062        10126        91.43
       7.871     0.990625        10143       106.67
       7.895     0.992188        10163       128.00
       7.903     0.992969        10166       142.22
       7.919     0.993750        10178       160.00
       7.927     0.994531        10184       182.86
       7.943     0.995313        10192       213.33
       7.955     0.996094        10198       256.00
       7.963     0.996484        10202       284.44
       7.975     0.996875        10209       320.00
       7.983     0.997266        10210       365.71
       7.991     0.997656        10215       426.67
       8.011     0.998047        10218       512.00
       8.015     0.998242        10220       568.89
       8.027     0.998437        10222       640.00
       8.127     0.998633        10224       731.43
       8.439     0.998828        10226       853.33
       8.487     0.999023        10228      1024.00
       8.623     0.999121        10229      1137.78
       8.631     0.999219        10231      1280.00
       8.631     0.999316        10231      1462.86
       8.759     0.999414        10232      1706.67
       8.783     0.999512        10233      2048.00
       8.783     0.999561        10233      2275.56
       8.831     0.999609        10234      2560.00
       8.831     0.999658        10234      2925.71
       9.735     0.999707        10235      3413.33
       9.735     0.999756        10235      4096.00
       9.735     0.999780        10235      4551.11
      10.751     0.999805        10236      5120.00
      10.751     0.999829        10236      5851.43
      10.751     0.999854        10236      6826.67
      10.751     0.999878        10236      8192.00
      10.751     0.999890        10236      9102.22
      10.759     0.999902        10237     10240.00
      10.759     1.000000        10237          inf
#[Mean    =        3.424, StdDeviation   =        1.999]
#[Max     =       10.752, Total count    =        10237]
#[Buckets =           27, SubBuckets     =         2048]
-----------------------------------------------------------------------
  15352 requests in 30.00s, 13.16MB read
Requests/sec:    511.69  
Transfer/sec:    449.23KB
