Running 1m test @ http://localhost:8888/
  2 threads and 10 connections

  Thread calibration: mean lat.: 1.162ms, rate sampling interval: 10ms
  Thread calibration: mean lat.: 1.099ms, rate sampling interval: 10ms
reconnect_socket
reconnect_socket
reconnect_socket
reconnect_socket
reconnect_socket
reconnect_socket
reconnect_socket
reconnect_socket
reconnect_socket
reconnect_socket
reconnect_socket
reconnect_socket
reconnect_socket
reconnect_socket
reconnect_socket
reconnect_socket
reconnect_socket
reconnect_socket
reconnect_socket
reconnect_socket
reconnect_socket
reconnect_socket
reconnect_socket
reconnect_socket
reconnect_socket
reconnect_socket
reconnect_socket
reconnect_socket
reconnect_socket
reconnect_socket

-----------------------------------------------------------------------
Test Results @ http://localhost:8888/ 
  Thread Stats   Avg      Stdev     99%   +/- Stdev
    Latency     1.15ms  471.22us   2.29ms   70.74%
    Req/Sec   269.91    209.47   555.00     45.79%
  Latency Distribution (HdrHistogram - Recorded Latency)
 50.000%    1.06ms
 75.000%    1.52ms
 90.000%    1.65ms
 99.000%    2.29ms
 99.900%    5.30ms
 99.990%    6.40ms
 99.999%    6.68ms
100.000%    6.68ms

  Detailed Percentile spectrum:
       Value   Percentile   TotalCount 1/(1-Percentile)

       0.027     0.000000            1         1.00
       0.622     0.100000         2581         1.11
       0.721     0.200000         5120         1.25
       0.889     0.300000         7693         1.43
       1.025     0.400000        10238         1.67
       1.063     0.500000        12837         2.00
       1.086     0.550000        14085         2.22
       1.127     0.600000        15372         2.50
       1.201     0.650000        16642         2.86
       1.366     0.700000        17915         3.33
       1.524     0.750000        19199         4.00
       1.551     0.775000        19845         4.44
       1.569     0.800000        20475         5.00
       1.586     0.825000        21160         5.71
       1.599     0.850000        21765         6.67
       1.617     0.875000        22397         8.00
       1.629     0.887500        22718         8.89
       1.648     0.900000        23038        10.00
       1.690     0.912500        23354        11.43
       1.783     0.925000        23675        13.33
       1.907     0.937500        23994        16.00
       1.978     0.943750        24155        17.78
       2.027     0.950000        24315        20.00
       2.063     0.956250        24476        22.86
       2.091     0.962500        24637        26.67
       2.113     0.968750        24802        32.00
       2.123     0.971875        24877        35.56
       2.133     0.975000        24954        40.00
       2.145     0.978125        25041        45.71
       2.159     0.981250        25115        53.33
       2.181     0.984375        25194        64.00
       2.193     0.985938        25234        71.11
       2.211     0.987500        25273        80.00
       2.241     0.989062        25313        91.43
       2.321     0.990625        25353       106.67
       2.395     0.992188        25393       128.00
       2.439     0.992969        25413       142.22
       2.469     0.993750        25434       160.00
       2.551     0.994531        25454       182.86
       2.623     0.995313        25475       213.33
       2.661     0.996094        25493       256.00
       2.719     0.996484        25503       284.44
       2.799     0.996875        25513       320.00
       2.879     0.997266        25523       365.71
       2.957     0.997656        25533       426.67
       3.205     0.998047        25543       512.00
       3.883     0.998242        25548       568.89
       4.851     0.998437        25553       640.00
       5.083     0.998633        25558       731.43
       5.247     0.998828        25563       853.33
       5.475     0.999023        25568      1024.00
       5.587     0.999121        25570      1137.78
       5.751     0.999219        25573      1280.00
       5.887     0.999316        25575      1462.86
       6.027     0.999414        25578      1706.67
       6.071     0.999512        25580      2048.00
       6.079     0.999561        25581      2275.56
       6.119     0.999609        25583      2560.00
       6.135     0.999658        25584      2925.71
       6.315     0.999707        25585      3413.33
       6.347     0.999756        25586      4096.00
       6.375     0.999780        25587      4551.11
       6.379     0.999805        25588      5120.00
       6.379     0.999829        25588      5851.43
       6.399     0.999854        25589      6826.67
       6.399     0.999878        25589      8192.00
       6.459     0.999890        25590      9102.22
       6.459     0.999902        25590     10240.00
       6.459     0.999915        25590     11702.86
       6.495     0.999927        25591     13653.33
       6.495     0.999939        25591     16384.00
       6.495     0.999945        25591     18204.44
       6.495     0.999951        25591     20480.00
       6.495     0.999957        25591     23405.71
       6.675     0.999963        25592     27306.67
       6.675     1.000000        25592          inf
#[Mean    =        1.153, StdDeviation   =        0.471]
#[Max     =        6.672, Total count    =        25592]
#[Buckets =           27, SubBuckets     =         2048]
-----------------------------------------------------------------------
  30712 requests in 1.00m, 33.68MB read
Requests/sec:    511.85  
Transfer/sec:    574.83KB
