Running 1m test @ http://localhost:8888/
  2 threads and 10 connections

  Thread calibration: mean lat.: 3.971ms, rate sampling interval: 13ms
  Thread calibration: mean lat.: 4.131ms, rate sampling interval: 13ms
reconnect_socket
reconnect_socket
reconnect_socket
reconnect_socket
reconnect_socket
reconnect_socket
reconnect_socket
reconnect_socket
reconnect_socket
reconnect_socket
reconnect_socket
reconnect_socket
reconnect_socket
reconnect_socket
reconnect_socket
reconnect_socket
reconnect_socket
reconnect_socket
reconnect_socket
reconnect_socket
reconnect_socket
reconnect_socket
reconnect_socket
reconnect_socket
reconnect_socket
reconnect_socket
reconnect_socket
reconnect_socket
reconnect_socket
reconnect_socket

-----------------------------------------------------------------------
Test Results @ http://localhost:8888/ 
  Thread Stats   Avg      Stdev     99%   +/- Stdev
    Latency     4.46ms    2.13ms   8.17ms   56.61%
    Req/Sec   265.57     97.42   416.00     51.17%
  Latency Distribution (HdrHistogram - Recorded Latency)
 50.000%    4.55ms
 75.000%    6.58ms
 90.000%    7.06ms
 99.000%    8.17ms
 99.900%    9.34ms
 99.990%   11.96ms
 99.999%   12.41ms
100.000%   12.41ms

  Detailed Percentile spectrum:
       Value   Percentile   TotalCount 1/(1-Percentile)

       0.682     0.000000            1         1.00
       1.501     0.100000         2563         1.11
       2.413     0.200000         5131         1.25
       2.699     0.300000         7680         1.43
       3.607     0.400000        10241         1.67
       4.547     0.500000        12800         2.00
       4.711     0.550000        14106         2.22
       4.931     0.600000        15371         2.50
       5.695     0.650000        16658         2.86
       5.827     0.700000        17919         3.33
       6.583     0.750000        19199         4.00
       6.819     0.775000        19841         4.44
       6.867     0.800000        20548         5.00
       6.903     0.825000        21173         5.71
       6.939     0.850000        21776         6.67
       6.987     0.875000        22438         8.00
       7.011     0.887500        22722         8.89
       7.063     0.900000        23040        10.00
       7.787     0.912500        23359        11.43
       7.931     0.925000        23705        13.33
       7.971     0.937500        24037        16.00
       7.987     0.943750        24182        17.78
       8.003     0.950000        24351        20.00
       8.019     0.956250        24511        22.86
       8.035     0.962500        24653        26.67
       8.055     0.968750        24812        32.00
       8.067     0.971875        24900        35.56
       8.075     0.975000        24975        40.00
       8.087     0.978125        25055        45.71
       8.099     0.981250        25124        53.33
       8.115     0.984375        25201        64.00
       8.127     0.985938        25242        71.11
       8.139     0.987500        25280        80.00
       8.155     0.989062        25321        91.43
       8.175     0.990625        25364       106.67
       8.207     0.992188        25402       128.00
       8.247     0.992969        25420       142.22
       8.287     0.993750        25443       160.00
       8.359     0.994531        25459       182.86
       8.479     0.995313        25479       213.33
       9.063     0.996094        25500       256.00
       9.103     0.996484        25509       284.44
       9.143     0.996875        25523       320.00
       9.167     0.997266        25531       365.71
       9.199     0.997656        25539       426.67
       9.239     0.998047        25551       512.00
       9.247     0.998242        25555       568.89
       9.271     0.998437        25559       640.00
       9.287     0.998633        25564       731.43
       9.311     0.998828        25569       853.33
       9.391     0.999023        25575      1024.00
       9.399     0.999121        25576      1137.78
       9.751     0.999219        25579      1280.00
       9.807     0.999316        25581      1462.86
      10.783     0.999414        25584      1706.67
      10.799     0.999512        25586      2048.00
      10.807     0.999561        25587      2275.56
      10.879     0.999609        25589      2560.00
      10.959     0.999658        25590      2925.71
      10.999     0.999707        25591      3413.33
      11.359     0.999756        25592      4096.00
      11.855     0.999780        25593      4551.11
      11.895     0.999805        25594      5120.00
      11.895     0.999829        25594      5851.43
      11.959     0.999854        25595      6826.67
      11.959     0.999878        25595      8192.00
      12.047     0.999890        25596      9102.22
      12.047     0.999902        25596     10240.00
      12.047     0.999915        25596     11702.86
      12.159     0.999927        25597     13653.33
      12.159     0.999939        25597     16384.00
      12.159     0.999945        25597     18204.44
      12.159     0.999951        25597     20480.00
      12.159     0.999957        25597     23405.71
      12.415     0.999963        25598     27306.67
      12.415     1.000000        25598          inf
#[Mean    =        4.462, StdDeviation   =        2.134]
#[Max     =       12.408, Total count    =        25598]
#[Buckets =           27, SubBuckets     =         2048]
-----------------------------------------------------------------------
  30712 requests in 1.00m, 26.33MB read
Requests/sec:    511.84  
Transfer/sec:    449.36KB
