Running 10s test @ http://localhost:8888/
  4 threads and 10 connections

reconnect_socket
reconnect_socket
reconnect_socket
reconnect_socket
reconnect_socket
reconnect_socket
reconnect_socket
reconnect_socket
reconnect_socket
reconnect_socket
reconnect_socket
reconnect_socket
reconnect_socket
reconnect_socket
reconnect_socket
reconnect_socket

-----------------------------------------------------------------------
Test Results @ http://localhost:8888/ 
  Thread Stats   Avg      Stdev     99%   +/- Stdev
    Latency   134.18us   65.18us 383.00us   75.93%
    Req/Sec       -nan      -nan   0.00      0.00%
  Latency Distribution (HdrHistogram - Recorded Latency)
 50.000%  125.00us
 75.000%  157.00us
 90.000%  193.00us
 99.000%  383.00us
 99.900%  539.00us
 99.990%  623.00us
 99.999%  723.00us
100.000%  723.00us

  Detailed Percentile spectrum:
       Value   Percentile   TotalCount 1/(1-Percentile)

       0.021     0.000000            1         1.00
       0.061     0.100000         2111         1.11
       0.081     0.200000         4143         1.25
       0.109     0.300000         6210         1.43
       0.118     0.400000         8435         1.67
       0.125     0.500000        10366         2.00
       0.131     0.550000        11282         2.22
       0.146     0.600000        12352         2.50
       0.151     0.650000        13343         2.86
       0.154     0.700000        14374         3.33
       0.157     0.750000        15396         4.00
       0.159     0.775000        16018         4.44
       0.161     0.800000        16500         5.00
       0.164     0.825000        16944         5.71
       0.171     0.850000        17455         6.67
       0.181     0.875000        17953         8.00
       0.186     0.887500        18192         8.89
       0.193     0.900000        18449        10.00
       0.202     0.912500        18705        11.43
       0.212     0.925000        18945        13.33
       0.226     0.937500        19194        16.00
       0.237     0.943750        19329        17.78
       0.250     0.950000        19454        20.00
       0.265     0.956250        19581        22.86
       0.287     0.962500        19706        26.67
       0.303     0.968750        19837        32.00
       0.312     0.971875        19898        35.56
       0.322     0.975000        19962        40.00
       0.331     0.978125        20033        45.71
       0.340     0.981250        20095        53.33
       0.351     0.984375        20156        64.00
       0.359     0.985938        20185        71.11
       0.370     0.987500        20217        80.00
       0.378     0.989062        20249        91.43
       0.387     0.990625        20282       106.67
       0.401     0.992188        20313       128.00
       0.411     0.992969        20331       142.22
       0.422     0.993750        20345       160.00
       0.435     0.994531        20361       182.86
       0.447     0.995313        20377       213.33
       0.461     0.996094        20394       256.00
       0.468     0.996484        20401       284.44
       0.477     0.996875        20409       320.00
       0.485     0.997266        20417       365.71
       0.500     0.997656        20427       426.67
       0.510     0.998047        20433       512.00
       0.518     0.998242        20437       568.89
       0.520     0.998437        20442       640.00
       0.524     0.998633        20445       731.43
       0.527     0.998828        20449       853.33
       0.542     0.999023        20454      1024.00
       0.543     0.999121        20455      1137.78
       0.548     0.999219        20457      1280.00
       0.551     0.999316        20459      1462.86
       0.558     0.999414        20461      1706.67
       0.559     0.999512        20463      2048.00
       0.564     0.999561        20464      2275.56
       0.570     0.999609        20465      2560.00
       0.572     0.999658        20466      2925.71
       0.594     0.999707        20467      3413.33
       0.605     0.999756        20468      4096.00
       0.605     0.999780        20468      4551.11
       0.616     0.999805        20469      5120.00
       0.616     0.999829        20469      5851.43
       0.623     0.999854        20470      6826.67
       0.623     0.999878        20470      8192.00
       0.623     0.999890        20470      9102.22
       0.638     0.999902        20471     10240.00
       0.638     0.999915        20471     11702.86
       0.638     0.999927        20471     13653.33
       0.638     0.999939        20471     16384.00
       0.638     0.999945        20471     18204.44
       0.723     0.999951        20472     20480.00
       0.723     1.000000        20472          inf
#[Mean    =        0.134, StdDeviation   =        0.065]
#[Max     =        0.723, Total count    =        20472]
#[Buckets =           27, SubBuckets     =         2048]
-----------------------------------------------------------------------
  20476 requests in 10.00s, 3.20MB read
Requests/sec:   2047.39  
Transfer/sec:    327.89KB
