Running 1m test @ http://localhost:8888/
  2 threads and 10 connections

  Thread calibration: mean lat.: 0.168ms, rate sampling interval: 10ms
  Thread calibration: mean lat.: 0.153ms, rate sampling interval: 10ms
reconnect_socket
reconnect_socket
reconnect_socket
reconnect_socket
reconnect_socket
reconnect_socket
reconnect_socket
reconnect_socket
reconnect_socket
reconnect_socket
reconnect_socket
reconnect_socket
reconnect_socket
reconnect_socket
reconnect_socket
reconnect_socket
reconnect_socket
reconnect_socket
reconnect_socket
reconnect_socket
reconnect_socket
reconnect_socket
reconnect_socket
reconnect_socket
reconnect_socket
reconnect_socket
reconnect_socket
reconnect_socket
reconnect_socket
reconnect_socket

-----------------------------------------------------------------------
Test Results @ http://localhost:8888/ 
  Thread Stats   Avg      Stdev     99%   +/- Stdev
    Latency   153.67us  139.81us 486.00us   91.86%
    Req/Sec   268.85    213.42   555.00     40.47%
  Latency Distribution (HdrHistogram - Recorded Latency)
 50.000%  129.00us
 75.000%  166.00us
 90.000%  258.00us
 99.000%  486.00us
 99.900%    1.83ms
 99.990%    4.64ms
 99.999%    4.87ms
100.000%    4.87ms

  Detailed Percentile spectrum:
       Value   Percentile   TotalCount 1/(1-Percentile)

       0.020     0.000000            1         1.00
       0.067     0.100000         2614         1.11
       0.088     0.200000         5233         1.25
       0.111     0.300000         7790         1.43
       0.121     0.400000        10305         1.67
       0.129     0.500000        12896         2.00
       0.134     0.550000        14121         2.22
       0.144     0.600000        15403         2.50
       0.154     0.650000        16825         2.86
       0.160     0.700000        18026         3.33
       0.166     0.750000        19195         4.00
       0.171     0.775000        19882         4.44
       0.179     0.800000        20516         5.00
       0.192     0.825000        21137         5.71
       0.210     0.850000        21761         6.67
       0.230     0.875000        22406         8.00
       0.243     0.887500        22722         8.89
       0.258     0.900000        23048        10.00
       0.283     0.912500        23357        11.43
       0.306     0.925000        23682        13.33
       0.330     0.937500        23997        16.00
       0.343     0.943750        24168        17.78
       0.354     0.950000        24319        20.00
       0.359     0.956250        24472        22.86
       0.371     0.962500        24634        26.67
       0.385     0.968750        24792        32.00
       0.392     0.971875        24873        35.56
       0.404     0.975000        24952        40.00
       0.416     0.978125        25032        45.71
       0.433     0.981250        25112        53.33
       0.456     0.984375        25197        64.00
       0.460     0.985938        25239        71.11
       0.467     0.987500        25273        80.00
       0.479     0.989062        25312        91.43
       0.490     0.990625        25354       106.67
       0.501     0.992188        25393       128.00
       0.507     0.992969        25415       142.22
       0.515     0.993750        25433       160.00
       0.523     0.994531        25454       182.86
       0.545     0.995313        25473       213.33
       0.556     0.996094        25492       256.00
       0.570     0.996484        25502       284.44
       0.592     0.996875        25513       320.00
       0.625     0.997266        25522       365.71
       0.657     0.997656        25532       426.67
       0.685     0.998047        25542       512.00
       0.711     0.998242        25547       568.89
       0.767     0.998437        25552       640.00
       0.802     0.998633        25557       731.43
       0.865     0.998828        25562       853.33
       1.870     0.999023        25567      1024.00
       1.898     0.999121        25569      1137.78
       2.595     0.999219        25572      1280.00
       2.979     0.999316        25574      1462.86
       3.271     0.999414        25577      1706.67
       3.495     0.999512        25579      2048.00
       3.679     0.999561        25580      2275.56
       4.049     0.999609        25582      2560.00
       4.057     0.999658        25583      2925.71
       4.061     0.999707        25584      3413.33
       4.063     0.999756        25585      4096.00
       4.085     0.999780        25586      4551.11
       4.255     0.999805        25587      5120.00
       4.255     0.999829        25587      5851.43
       4.635     0.999854        25588      6826.67
       4.635     0.999878        25588      8192.00
       4.647     0.999890        25589      9102.22
       4.647     0.999902        25589     10240.00
       4.647     0.999915        25589     11702.86
       4.723     0.999927        25590     13653.33
       4.723     0.999939        25590     16384.00
       4.723     0.999945        25590     18204.44
       4.723     0.999951        25590     20480.00
       4.723     0.999957        25590     23405.71
       4.867     0.999963        25591     27306.67
       4.867     1.000000        25591          inf
#[Mean    =        0.154, StdDeviation   =        0.140]
#[Max     =        4.864, Total count    =        25591]
#[Buckets =           27, SubBuckets     =         2048]
-----------------------------------------------------------------------
  30712 requests in 1.00m, 4.80MB read
Requests/sec:    511.86  
Transfer/sec:     81.98KB
