Running 1m test @ http://localhost:8888/
  2 threads and 10 connections

  Thread calibration: mean lat.: 0.146ms, rate sampling interval: 10ms
  Thread calibration: mean lat.: 0.139ms, rate sampling interval: 10ms
reconnect_socket
reconnect_socket
reconnect_socket
reconnect_socket
reconnect_socket
reconnect_socket
reconnect_socket
reconnect_socket
reconnect_socket
reconnect_socket
reconnect_socket
reconnect_socket
reconnect_socket
reconnect_socket
reconnect_socket
reconnect_socket
reconnect_socket
reconnect_socket
reconnect_socket
reconnect_socket
reconnect_socket
reconnect_socket
reconnect_socket
reconnect_socket
reconnect_socket
reconnect_socket
reconnect_socket
reconnect_socket
reconnect_socket
reconnect_socket

-----------------------------------------------------------------------
Test Results @ http://localhost:8888/ 
  Thread Stats   Avg      Stdev     99%   +/- Stdev
    Latency   169.70us  140.20us 491.00us   92.10%
    Req/Sec   269.89    204.13   555.00     47.65%
  Latency Distribution (HdrHistogram - Recorded Latency)
 50.000%  142.00us
 75.000%  180.00us
 90.000%  266.00us
 99.000%  491.00us
 99.900%    1.87ms
 99.990%    4.71ms
 99.999%    5.57ms
100.000%    5.57ms

  Detailed Percentile spectrum:
       Value   Percentile   TotalCount 1/(1-Percentile)

       0.021     0.000000            1         1.00
       0.083     0.100000         2584         1.11
       0.118     0.200000         5160         1.25
       0.127     0.300000         7963         1.43
       0.134     0.400000        10522         1.67
       0.142     0.500000        12893         2.00
       0.151     0.550000        14083         2.22
       0.162     0.600000        15361         2.50
       0.168     0.650000        16820         2.86
       0.173     0.700000        17952         3.33
       0.180     0.750000        19223         4.00
       0.186     0.775000        19926         4.44
       0.195     0.800000        20514         5.00
       0.212     0.825000        21146         5.71
       0.232     0.850000        21774         6.67
       0.244     0.875000        22426         8.00
       0.257     0.887500        22720         8.89
       0.266     0.900000        23046        10.00
       0.291     0.912500        23356        11.43
       0.318     0.925000        23675        13.33
       0.337     0.937500        23996        16.00
       0.347     0.943750        24155        17.78
       0.359     0.950000        24314        20.00
       0.367     0.956250        24481        22.86
       0.374     0.962500        24640        26.67
       0.388     0.968750        24794        32.00
       0.394     0.971875        24872        35.56
       0.400     0.975000        24953        40.00
       0.410     0.978125        25034        45.71
       0.426     0.981250        25113        53.33
       0.444     0.984375        25193        64.00
       0.462     0.985938        25235        71.11
       0.477     0.987500        25273        80.00
       0.484     0.989062        25317        91.43
       0.495     0.990625        25352       106.67
       0.505     0.992188        25394       128.00
       0.514     0.992969        25413       142.22
       0.526     0.993750        25433       160.00
       0.540     0.994531        25452       182.86
       0.549     0.995313        25472       213.33
       0.563     0.996094        25492       256.00
       0.575     0.996484        25503       284.44
       0.585     0.996875        25512       320.00
       0.598     0.997266        25523       365.71
       0.619     0.997656        25532       426.67
       0.656     0.998047        25542       512.00
       0.689     0.998242        25547       568.89
       0.730     0.998437        25552       640.00
       0.871     0.998633        25557       731.43
       1.599     0.998828        25562       853.33
       1.998     0.999023        25567      1024.00
       2.509     0.999121        25569      1137.78
       2.791     0.999219        25572      1280.00
       2.907     0.999316        25574      1462.86
       3.481     0.999414        25577      1706.67
       3.539     0.999512        25579      2048.00
       3.559     0.999561        25580      2275.56
       3.611     0.999609        25582      2560.00
       3.721     0.999658        25583      2925.71
       3.815     0.999707        25584      3413.33
       3.935     0.999756        25585      4096.00
       4.483     0.999780        25586      4551.11
       4.579     0.999805        25587      5120.00
       4.579     0.999829        25587      5851.43
       4.711     0.999854        25588      6826.67
       4.711     0.999878        25588      8192.00
       4.719     0.999890        25589      9102.22
       4.719     0.999902        25589     10240.00
       4.719     0.999915        25589     11702.86
       4.727     0.999927        25590     13653.33
       4.727     0.999939        25590     16384.00
       4.727     0.999945        25590     18204.44
       4.727     0.999951        25590     20480.00
       4.727     0.999957        25590     23405.71
       5.567     0.999963        25591     27306.67
       5.567     1.000000        25591          inf
#[Mean    =        0.170, StdDeviation   =        0.140]
#[Max     =        5.564, Total count    =        25591]
#[Buckets =           27, SubBuckets     =         2048]
-----------------------------------------------------------------------
  30712 requests in 1.00m, 6.09MB read
Requests/sec:    511.86  
Transfer/sec:    103.97KB
