Running 1m test @ http://localhost:8888/
  2 threads and 10 connections

  Thread calibration: mean lat.: 0.149ms, rate sampling interval: 10ms
  Thread calibration: mean lat.: 0.152ms, rate sampling interval: 10ms
reconnect_socket
reconnect_socket
reconnect_socket
reconnect_socket
reconnect_socket
reconnect_socket
reconnect_socket
reconnect_socket
reconnect_socket
reconnect_socket

-----------------------------------------------------------------------
Test Results @ http://localhost:8888/ 
  Thread Stats   Avg      Stdev     99%   +/- Stdev
    Latency   163.00us  181.24us 497.00us   94.58%
    Req/Sec   134.57    202.91   555.00     78.67%
  Latency Distribution (HdrHistogram - Recorded Latency)
 50.000%  134.00us
 75.000%  183.00us
 90.000%  279.00us
 99.000%  497.00us
 99.900%    3.27ms
 99.990%    5.22ms
 99.999%    5.49ms
100.000%    5.49ms

  Detailed Percentile spectrum:
       Value   Percentile   TotalCount 1/(1-Percentile)

       0.022     0.000000            1         1.00
       0.069     0.100000         1310         1.11
       0.082     0.200000         2586         1.25
       0.105     0.300000         3862         1.43
       0.124     0.400000         5144         1.67
       0.134     0.500000         6429         2.00
       0.141     0.550000         7089         2.22
       0.153     0.600000         7685         2.50
       0.165     0.650000         8386         2.86
       0.172     0.700000         9002         3.33
       0.183     0.750000         9643         4.00
       0.190     0.775000         9937         4.44
       0.200     0.800000        10245         5.00
       0.216     0.825000        10571         5.71
       0.232     0.850000        10885         6.67
       0.249     0.875000        11195         8.00
       0.263     0.887500        11358         8.89
       0.279     0.900000        11521        10.00
       0.296     0.912500        11675        11.43
       0.314     0.925000        11832        13.33
       0.331     0.937500        11994        16.00
       0.341     0.943750        12077        17.78
       0.353     0.950000        12152        20.00
       0.365     0.956250        12235        22.86
       0.375     0.962500        12319        26.67
       0.388     0.968750        12391        32.00
       0.397     0.971875        12432        35.56
       0.406     0.975000        12473        40.00
       0.421     0.978125        12515        45.71
       0.437     0.981250        12551        53.33
       0.450     0.984375        12593        64.00
       0.459     0.985938        12611        71.11
       0.474     0.987500        12631        80.00
       0.487     0.989062        12651        91.43
       0.502     0.990625        12673       106.67
       0.514     0.992188        12692       128.00
       0.533     0.992969        12701       142.22
       0.537     0.993750        12711       160.00
       0.548     0.994531        12721       182.86
       0.563     0.995313        12731       213.33
       0.584     0.996094        12741       256.00
       0.605     0.996484        12746       284.44
       0.645     0.996875        12751       320.00
       0.694     0.997266        12756       365.71
       0.946     0.997656        12761       426.67
       1.921     0.998047        12766       512.00
       2.149     0.998242        12768       568.89
       2.319     0.998437        12771       640.00
       2.607     0.998633        12773       731.43
       2.963     0.998828        12776       853.33
       3.275     0.999023        12778      1024.00
       3.655     0.999121        12779      1137.78
       4.089     0.999219        12781      1280.00
       4.091     0.999316        12782      1462.86
       4.163     0.999414        12783      1706.67
       4.195     0.999512        12784      2048.00
       4.511     0.999561        12785      2275.56
       4.767     0.999609        12786      2560.00
       4.767     0.999658        12786      2925.71
       4.923     0.999707        12787      3413.33
       4.923     0.999756        12787      4096.00
       5.023     0.999780        12788      4551.11
       5.023     0.999805        12788      5120.00
       5.023     0.999829        12788      5851.43
       5.223     0.999854        12789      6826.67
       5.223     0.999878        12789      8192.00
       5.223     0.999890        12789      9102.22
       5.223     0.999902        12789     10240.00
       5.223     0.999915        12789     11702.86
       5.487     0.999927        12790     13653.33
       5.487     1.000000        12790          inf
#[Mean    =        0.163, StdDeviation   =        0.181]
#[Max     =        5.484, Total count    =        12790]
#[Buckets =           27, SubBuckets     =         2048]
-----------------------------------------------------------------------
  15352 requests in 1.00m, 3.05MB read
Requests/sec:    255.86  
Transfer/sec:     51.97KB
