Running 10s test @ http://localhost:8888/
  2 threads and 10 connections


-----------------------------------------------------------------------
Test Results @ http://localhost:8888/ 
  Thread Stats   Avg      Stdev     99%   +/- Stdev
    Latency     1.05ms  477.32us   2.16ms   67.10%
    Req/Sec       -nan      -nan   0.00      0.00%
  Latency Distribution (HdrHistogram - Recorded Latency)
 50.000%    1.03ms
 75.000%    1.37ms
 90.000%    1.61ms
 99.000%    2.16ms
 99.900%    5.13ms
 99.990%    5.59ms
 99.999%    6.01ms
100.000%    6.01ms

  Detailed Percentile spectrum:
       Value   Percentile   TotalCount 1/(1-Percentile)

       0.206     0.000000            1         1.00
       0.558     0.100000          517         1.11
       0.613     0.200000         1023         1.25
       0.713     0.300000         1538         1.43
       0.896     0.400000         2045         1.67
       1.031     0.500000         2560         2.00
       1.055     0.550000         2813         2.22
       1.073     0.600000         3069         2.50
       1.104     0.650000         3325         2.86
       1.177     0.700000         3577         3.33
       1.367     0.750000         3833         4.00
       1.486     0.775000         3962         4.44
       1.526     0.800000         4088         5.00
       1.556     0.825000         4223         5.71
       1.576     0.850000         4348         6.67
       1.588     0.875000         4474         8.00
       1.597     0.887500         4537         8.89
       1.607     0.900000         4599        10.00
       1.621     0.912500         4663        11.43
       1.644     0.925000         4727        13.33
       1.718     0.937500         4792        16.00
       1.753     0.943750         4823        17.78
       1.847     0.950000         4856        20.00
       1.977     0.956250         4887        22.86
       2.039     0.962500         4919        26.67
       2.071     0.968750         4952        32.00
       2.085     0.971875         4970        35.56
       2.095     0.975000         4985        40.00
       2.105     0.978125         5000        45.71
       2.117     0.981250         5016        53.33
       2.127     0.984375         5035        64.00
       2.131     0.985938         5040        71.11
       2.141     0.987500         5049        80.00
       2.157     0.989062         5056        91.43
       2.167     0.990625         5063       106.67
       2.245     0.992188         5072       128.00
       2.281     0.992969         5075       142.22
       2.375     0.993750         5079       160.00
       2.511     0.994531         5083       182.86
       2.569     0.995313         5087       213.33
       2.609     0.996094         5091       256.00
       2.639     0.996484         5093       284.44
       2.649     0.996875         5095       320.00
       2.663     0.997266         5097       365.71
       2.785     0.997656         5099       426.67
       2.893     0.998047         5101       512.00
       3.067     0.998242         5102       568.89
       5.043     0.998437         5103       640.00
       5.091     0.998633         5104       731.43
       5.131     0.998828         5105       853.33
       5.451     0.999023         5106      1024.00
       5.451     0.999121         5106      1137.78
       5.503     0.999219         5107      1280.00
       5.503     0.999316         5107      1462.86
       5.539     0.999414         5108      1706.67
       5.539     0.999512         5108      2048.00
       5.539     0.999561         5108      2275.56
       5.595     0.999609         5109      2560.00
       5.595     0.999658         5109      2925.71
       5.595     0.999707         5109      3413.33
       5.595     0.999756         5109      4096.00
       5.595     0.999780         5109      4551.11
       6.015     0.999805         5110      5120.00
       6.015     1.000000         5110          inf
#[Mean    =        1.052, StdDeviation   =        0.477]
#[Max     =        6.012, Total count    =         5110]
#[Buckets =           27, SubBuckets     =         2048]
-----------------------------------------------------------------------
  5112 requests in 10.00s, 5.61MB read
Requests/sec:    511.11  
Transfer/sec:    574.00KB
