Running 10s test @ http://localhost:8888/
  4 threads and 10 connections

  Thread calibration: mean lat.: 0.212ms, rate sampling interval: 10ms

-----------------------------------------------------------------------
Test Results @ http://localhost:8888/ 
  Thread Stats   Avg      Stdev     99%   +/- Stdev
    Latency   155.81us   75.68us 433.00us   75.13%
    Req/Sec       -nan      -nan   0.00      0.00%
  Latency Distribution (HdrHistogram - Recorded Latency)
 50.000%  143.00us
 75.000%  176.00us
 90.000%  246.00us
 99.000%  433.00us
 99.900%  600.00us
 99.990%  632.00us
 99.999%  632.00us
100.000%  632.00us

  Detailed Percentile spectrum:
       Value   Percentile   TotalCount 1/(1-Percentile)

       0.035     0.000000            1         1.00
       0.077     0.100000          206         1.11
       0.090     0.200000          383         1.25
       0.116     0.300000          577         1.43
       0.133     0.400000          791         1.67
       0.143     0.500000          969         2.00
       0.151     0.550000         1060         2.22
       0.163     0.600000         1167         2.50
       0.167     0.650000         1269         2.86
       0.170     0.700000         1345         3.33
       0.176     0.750000         1438         4.00
       0.180     0.775000         1484         4.44
       0.189     0.800000         1533         5.00
       0.200     0.825000         1580         5.71
       0.215     0.850000         1629         6.67
       0.233     0.875000         1678         8.00
       0.240     0.887500         1702         8.89
       0.246     0.900000         1723        10.00
       0.255     0.912500         1747        11.43
       0.269     0.925000         1772        13.33
       0.290     0.937500         1796        16.00
       0.301     0.943750         1808        17.78
       0.315     0.950000         1819        20.00
       0.327     0.956250         1833        22.86
       0.333     0.962500         1843        26.67
       0.346     0.968750         1855        32.00
       0.353     0.971875         1861        35.56
       0.365     0.975000         1867        40.00
       0.369     0.978125         1874        45.71
       0.380     0.981250         1879        53.33
       0.389     0.984375         1887        64.00
       0.393     0.985938         1888        71.11
       0.398     0.987500         1891        80.00
       0.421     0.989062         1894        91.43
       0.438     0.990625         1897       106.67
       0.454     0.992188         1900       128.00
       0.459     0.992969         1901       142.22
       0.462     0.993750         1903       160.00
       0.472     0.994531         1904       182.86
       0.476     0.995313         1906       213.33
       0.482     0.996094         1907       256.00
       0.517     0.996484         1908       284.44
       0.529     0.996875         1909       320.00
       0.529     0.997266         1909       365.71
       0.534     0.997656         1910       426.67
       0.581     0.998047         1911       512.00
       0.581     0.998242         1911       568.89
       0.600     0.998437         1912       640.00
       0.600     0.998633         1912       731.43
       0.600     0.998828         1912       853.33
       0.632     0.999023         1914      1024.00
       0.632     1.000000         1914          inf
#[Mean    =        0.156, StdDeviation   =        0.076]
#[Max     =        0.632, Total count    =         1914]
#[Buckets =           27, SubBuckets     =         2048]
-----------------------------------------------------------------------
  2556 requests in 10.00s, 519.19KB read
Requests/sec:    255.57  
Transfer/sec:     51.91KB
