Running 10s test @ http://localhost:8888/
  4 threads and 10 connections

  Thread calibration: mean lat.: 0.196ms, rate sampling interval: 10ms

-----------------------------------------------------------------------
Test Results @ http://localhost:8888/ 
  Thread Stats   Avg      Stdev     99%   +/- Stdev
    Latency   162.56us  165.43us 440.00us   94.50%
    Req/Sec       -nan      -nan   0.00      0.00%
  Latency Distribution (HdrHistogram - Recorded Latency)
 50.000%  145.00us
 75.000%  182.00us
 90.000%  261.00us
 99.000%  440.00us
 99.900%    3.43ms
 99.990%    4.81ms
 99.999%    4.81ms
100.000%    4.81ms

  Detailed Percentile spectrum:
       Value   Percentile   TotalCount 1/(1-Percentile)

       0.030     0.000000            1         1.00
       0.074     0.100000          402         1.11
       0.087     0.200000          775         1.25
       0.106     0.300000         1161         1.43
       0.130     0.400000         1553         1.67
       0.145     0.500000         1938         2.00
       0.154     0.550000         2127         2.22
       0.163     0.600000         2319         2.50
       0.168     0.650000         2537         2.86
       0.174     0.700000         2709         3.33
       0.182     0.750000         2878         4.00
       0.190     0.775000         2974         4.44
       0.202     0.800000         3068         5.00
       0.215     0.825000         3167         5.71
       0.227     0.850000         3261         6.67
       0.243     0.875000         3361         8.00
       0.250     0.887500         3404         8.89
       0.261     0.900000         3451        10.00
       0.274     0.912500         3501        11.43
       0.289     0.925000         3547        13.33
       0.310     0.937500         3595        16.00
       0.327     0.943750         3622        17.78
       0.336     0.950000         3643        20.00
       0.348     0.956250         3669        22.86
       0.359     0.962500         3692        26.67
       0.372     0.968750         3715        32.00
       0.377     0.971875         3728        35.56
       0.386     0.975000         3740        40.00
       0.390     0.978125         3751        45.71
       0.397     0.981250         3763        53.33
       0.412     0.984375         3775        64.00
       0.419     0.985938         3781        71.11
       0.427     0.987500         3787        80.00
       0.434     0.989062         3793        91.43
       0.445     0.990625         3799       106.67
       0.463     0.992188         3805       128.00
       0.476     0.992969         3808       142.22
       0.488     0.993750         3811       160.00
       0.498     0.994531         3814       182.86
       0.504     0.995313         3817       213.33
       0.507     0.996094         3820       256.00
       0.509     0.996484         3821       284.44
       0.518     0.996875         3823       320.00
       0.520     0.997266         3824       365.71
       0.545     0.997656         3826       426.67
       0.557     0.998047         3827       512.00
       0.565     0.998242         3828       568.89
       0.570     0.998437         3829       640.00
       0.570     0.998633         3829       731.43
       3.433     0.998828         3830       853.33
       3.773     0.999023         3831      1024.00
       3.773     0.999121         3831      1137.78
       4.243     0.999219         3832      1280.00
       4.243     0.999316         3832      1462.86
       4.243     0.999414         3832      1706.67
       4.363     0.999512         3833      2048.00
       4.363     0.999561         3833      2275.56
       4.363     0.999609         3833      2560.00
       4.363     0.999658         3833      2925.71
       4.363     0.999707         3833      3413.33
       4.807     0.999756         3834      4096.00
       4.807     1.000000         3834          inf
#[Mean    =        0.163, StdDeviation   =        0.165]
#[Max     =        4.804, Total count    =         3834]
#[Buckets =           27, SubBuckets     =         2048]
-----------------------------------------------------------------------
  5116 requests in 10.00s, 1.01MB read
Requests/sec:    511.52  
Transfer/sec:    103.90KB
