Running 1m test @ http://localhost:8888/
  2 threads and 10 connections

  Thread calibration: mean lat.: 1.765ms, rate sampling interval: 10ms
  Thread calibration: mean lat.: 0.738ms, rate sampling interval: 10ms
reconnect_socket
reconnect_socket
reconnect_socket
reconnect_socket
reconnect_socket
reconnect_socket
reconnect_socket
reconnect_socket
reconnect_socket
reconnect_socket

-----------------------------------------------------------------------
Test Results @ http://localhost:8888/ 
  Thread Stats   Avg      Stdev     99%   +/- Stdev
    Latency     1.18ms  751.40us   3.01ms   78.58%
    Req/Sec   134.78    205.00   555.00     78.25%
  Latency Distribution (HdrHistogram - Recorded Latency)
 50.000%  790.00us
 75.000%    1.68ms
 90.000%    2.35ms
 99.000%    3.01ms
 99.900%    3.69ms
 99.990%    7.45ms
 99.999%    7.55ms
100.000%    7.55ms

  Detailed Percentile spectrum:
       Value   Percentile   TotalCount 1/(1-Percentile)

       0.079     0.000000            1         1.00
       0.563     0.100000         1300         1.11
       0.606     0.200000         2620         1.25
       0.635     0.300000         3852         1.43
       0.696     0.400000         5129         1.67
       0.790     0.500000         6398         2.00
       0.905     0.550000         7038         2.22
       1.132     0.600000         7680         2.50
       1.257     0.650000         8319         2.86
       1.350     0.700000         8961         3.33
       1.676     0.750000         9597         4.00
       1.784     0.775000         9918         4.44
       1.834     0.800000        10238         5.00
       1.980     0.825000        10558         5.71
       2.149     0.850000        10878         6.67
       2.291     0.875000        11200         8.00
       2.321     0.887500        11357         8.89
       2.349     0.900000        11522        10.00
       2.387     0.912500        11680        11.43
       2.503     0.925000        11838        13.33
       2.753     0.937500        11997        16.00
       2.793     0.943750        12088        17.78
       2.813     0.950000        12163        20.00
       2.829     0.956250        12249        22.86
       2.843     0.962500        12324        26.67
       2.855     0.968750        12402        32.00
       2.863     0.971875        12446        35.56
       2.871     0.975000        12481        40.00
       2.883     0.978125        12517        45.71
       2.907     0.981250        12557        53.33
       2.949     0.984375        12601        64.00
       2.961     0.985938        12618        71.11
       2.983     0.987500        12639        80.00
       2.999     0.989062        12657        91.43
       3.011     0.990625        12679       106.67
       3.023     0.992188        12698       128.00
       3.031     0.992969        12707       142.22
       3.045     0.993750        12717       160.00
       3.061     0.994531        12728       182.86
       3.083     0.995313        12737       213.33
       3.129     0.996094        12747       256.00
       3.185     0.996484        12752       284.44
       3.247     0.996875        12757       320.00
       3.413     0.997266        12762       365.71
       3.505     0.997656        12767       426.67
       3.517     0.998047        12772       512.00
       3.525     0.998242        12774       568.89
       3.601     0.998437        12777       640.00
       3.633     0.998633        12779       731.43
       3.687     0.998828        12782       853.33
       3.897     0.999023        12784      1024.00
       4.379     0.999121        12785      1137.78
       6.503     0.999219        12787      1280.00
       6.735     0.999316        12788      1462.86
       6.747     0.999414        12789      1706.67
       6.851     0.999512        12790      2048.00
       6.907     0.999561        12791      2275.56
       7.007     0.999609        12792      2560.00
       7.007     0.999658        12792      2925.71
       7.175     0.999707        12793      3413.33
       7.175     0.999756        12793      4096.00
       7.251     0.999780        12794      4551.11
       7.251     0.999805        12794      5120.00
       7.251     0.999829        12794      5851.43
       7.447     0.999854        12795      6826.67
       7.447     0.999878        12795      8192.00
       7.447     0.999890        12795      9102.22
       7.447     0.999902        12795     10240.00
       7.447     0.999915        12795     11702.86
       7.551     0.999927        12796     13653.33
       7.551     1.000000        12796          inf
#[Mean    =        1.182, StdDeviation   =        0.751]
#[Max     =        7.548, Total count    =        12796]
#[Buckets =           27, SubBuckets     =         2048]
-----------------------------------------------------------------------
  15226 requests in 1.00m, 16.70MB read
Requests/sec:    253.71  
Transfer/sec:    284.92KB
