Running 10s test @ http://localhost:8888/
  2 threads and 10 connections

reconnect_socket
reconnect_socket
reconnect_socket
reconnect_socket
reconnect_socket
reconnect_socket
reconnect_socket
reconnect_socket
reconnect_socket
reconnect_socket
reconnect_socket
reconnect_socket
reconnect_socket
reconnect_socket
reconnect_socket
reconnect_socket
reconnect_socket
reconnect_socket
reconnect_socket
reconnect_socket

-----------------------------------------------------------------------
Test Results @ http://localhost:8888/ 
  Thread Stats   Avg      Stdev     99%   +/- Stdev
    Latency     1.46ms    4.28ms  29.15ms   97.44%
    Req/Sec       -nan      -nan   0.00      0.00%
  Latency Distribution (HdrHistogram - Recorded Latency)
 50.000%  798.00us
 75.000%    1.13ms
 90.000%    1.41ms
 99.000%   29.15ms
 99.900%   44.13ms
 99.990%   48.54ms
 99.999%   49.18ms
100.000%   49.18ms

  Detailed Percentile spectrum:
       Value   Percentile   TotalCount 1/(1-Percentile)

       0.399     0.000000            1         1.00
       0.435     0.100000         2136         1.11
       0.445     0.200000         4126         1.25
       0.510     0.300000         6153         1.43
       0.768     0.400000         8261         1.67
       0.798     0.500000        10251         2.00
       0.816     0.550000        11267         2.22
       0.836     0.600000        12291         2.50
       0.850     0.650000        13314         2.86
       0.902     0.700000        14340         3.33
       1.131     0.750000        15358         4.00
       1.170     0.775000        15903         4.44
       1.180     0.800000        16403         5.00
       1.196     0.825000        16908         5.71
       1.228     0.850000        17403         6.67
       1.271     0.875000        17921         8.00
       1.310     0.887500        18171         8.89
       1.412     0.900000        18426        10.00
       1.573     0.912500        18685        11.43
       1.593     0.925000        18937        13.33
       1.656     0.937500        19192        16.00
       1.862     0.943750        19320        17.78
       1.993     0.950000        19449        20.00
       2.165     0.956250        19576        22.86
       2.449     0.962500        19704        26.67
       3.191     0.968750        19832        32.00
       3.999     0.971875        19896        35.56
       6.339     0.975000        19960        40.00
      10.095     0.978125        20024        45.71
      15.183     0.981250        20088        53.33
      20.463     0.984375        20152        64.00
      22.911     0.985938        20184        71.11
      25.215     0.987500        20216        80.00
      28.223     0.989062        20248        91.43
      29.983     0.990625        20281       106.67
      32.367     0.992188        20313       128.00
      34.079     0.992969        20328       142.22
      35.295     0.993750        20344       160.00
      36.479     0.994531        20360       182.86
      37.823     0.995313        20376       213.33
      39.103     0.996094        20393       256.00
      40.319     0.996484        20400       284.44
      40.895     0.996875        20408       320.00
      41.343     0.997266        20416       365.71
      41.983     0.997656        20425       426.67
      42.815     0.998047        20432       512.00
      43.071     0.998242        20436       568.89
      43.455     0.998437        20440       640.00
      43.583     0.998633        20444       731.43
      43.903     0.998828        20449       853.33
      44.191     0.999023        20453      1024.00
      44.287     0.999121        20454      1137.78
      44.351     0.999219        20457      1280.00
      44.479     0.999316        20458      1462.86
      45.503     0.999414        20460      1706.67
      46.431     0.999512        20462      2048.00
      46.687     0.999561        20463      2275.56
      47.039     0.999609        20465      2560.00
      47.039     0.999658        20465      2925.71
      47.647     0.999707        20466      3413.33
      48.159     0.999756        20467      4096.00
      48.159     0.999780        20467      4551.11
      48.191     0.999805        20468      5120.00
      48.191     0.999829        20468      5851.43
      48.543     0.999854        20469      6826.67
      48.543     0.999878        20469      8192.00
      48.543     0.999890        20469      9102.22
      48.895     0.999902        20470     10240.00
      48.895     0.999915        20470     11702.86
      48.895     0.999927        20470     13653.33
      48.895     0.999939        20470     16384.00
      48.895     0.999945        20470     18204.44
      49.183     0.999951        20471     20480.00
      49.183     1.000000        20471          inf
#[Mean    =        1.461, StdDeviation   =        4.281]
#[Max     =       49.152, Total count    =        20471]
#[Buckets =           27, SubBuckets     =         2048]
-----------------------------------------------------------------------
  20473 requests in 10.00s, 17.55MB read
Requests/sec:   2046.92  
Transfer/sec:      1.75MB
