Running 10s test @ http://localhost:8888/
  2 threads and 10 connections


-----------------------------------------------------------------------
Test Results @ http://localhost:8888/ 
  Thread Stats   Avg      Stdev     99%   +/- Stdev
    Latency   129.24us   77.41us 411.00us   76.13%
    Req/Sec       -nan      -nan   0.00      0.00%
  Latency Distribution (HdrHistogram - Recorded Latency)
 50.000%  118.00us
 75.000%  156.00us
 90.000%  220.00us
 99.000%  411.00us
 99.900%  608.00us
 99.990%  703.00us
 99.999%  803.00us
100.000%  803.00us

  Detailed Percentile spectrum:
       Value   Percentile   TotalCount 1/(1-Percentile)

       0.020     0.000000            1         1.00
       0.046     0.100000          530         1.11
       0.064     0.200000         1027         1.25
       0.087     0.300000         1559         1.43
       0.109     0.400000         2051         1.67
       0.118     0.500000         2590         2.00
       0.123     0.550000         2824         2.22
       0.132     0.600000         3093         2.50
       0.143     0.650000         3326         2.86
       0.150     0.700000         3583         3.33
       0.156     0.750000         3853         4.00
       0.159     0.775000         3961         4.44
       0.165     0.800000         4097         5.00
       0.173     0.825000         4231         5.71
       0.183     0.850000         4349         6.67
       0.197     0.875000         4473         8.00
       0.209     0.887500         4542         8.89
       0.220     0.900000         4600        10.00
       0.229     0.912500         4663        11.43
       0.241     0.925000         4727        13.33
       0.258     0.937500         4793        16.00
       0.266     0.943750         4823        17.78
       0.278     0.950000         4856        20.00
       0.292     0.956250         4887        22.86
       0.310     0.962500         4919        26.67
       0.323     0.968750         4952        32.00
       0.329     0.971875         4967        35.56
       0.342     0.975000         4983        40.00
       0.350     0.978125         5000        45.71
       0.359     0.981250         5015        53.33
       0.370     0.984375         5032        64.00
       0.380     0.985938         5041        71.11
       0.388     0.987500         5047        80.00
       0.406     0.989062         5055        91.43
       0.417     0.990625         5063       106.67
       0.428     0.992188         5071       128.00
       0.433     0.992969         5075       142.22
       0.447     0.993750         5079       160.00
       0.454     0.994531         5083       182.86
       0.459     0.995313         5087       213.33
       0.483     0.996094         5091       256.00
       0.490     0.996484         5093       284.44
       0.501     0.996875         5095       320.00
       0.538     0.997266         5098       365.71
       0.540     0.997656         5099       426.67
       0.563     0.998047         5101       512.00
       0.579     0.998242         5102       568.89
       0.600     0.998437         5103       640.00
       0.607     0.998633         5104       731.43
       0.608     0.998828         5105       853.33
       0.610     0.999023         5106      1024.00
       0.610     0.999121         5106      1137.78
       0.691     0.999219         5107      1280.00
       0.691     0.999316         5107      1462.86
       0.703     0.999414         5109      1706.67
       0.703     0.999512         5109      2048.00
       0.703     0.999561         5109      2275.56
       0.703     0.999609         5109      2560.00
       0.703     0.999658         5109      2925.71
       0.703     0.999707         5109      3413.33
       0.703     0.999756         5109      4096.00
       0.703     0.999780         5109      4551.11
       0.803     0.999805         5110      5120.00
       0.803     1.000000         5110          inf
#[Mean    =        0.129, StdDeviation   =        0.077]
#[Max     =        0.803, Total count    =         5110]
#[Buckets =           27, SubBuckets     =         2048]
-----------------------------------------------------------------------
  5112 requests in 10.00s, 818.72KB read
Requests/sec:    511.15  
Transfer/sec:     81.86KB
