Running 10s test @ http://localhost:8888/
  2 threads and 10 connections

reconnect_socket
reconnect_socket
reconnect_socket
reconnect_socket
reconnect_socket
reconnect_socket
reconnect_socket
reconnect_socket
reconnect_socket
reconnect_socket

-----------------------------------------------------------------------
Test Results @ http://localhost:8888/ 
  Thread Stats   Avg      Stdev     99%   +/- Stdev
    Latency   132.15us  144.64us 373.00us   96.49%
    Req/Sec       -nan      -nan   0.00      0.00%
  Latency Distribution (HdrHistogram - Recorded Latency)
 50.000%  116.00us
 75.000%  150.00us
 90.000%  193.00us
 99.000%  373.00us
 99.900%  654.00us
 99.990%    5.86ms
 99.999%    6.45ms
100.000%    6.45ms

  Detailed Percentile spectrum:
       Value   Percentile   TotalCount 1/(1-Percentile)

       0.021     0.000000            3         1.00
       0.061     0.100000         1049         1.11
       0.089     0.200000         2089         1.25
       0.109     0.300000         3212         1.43
       0.113     0.400000         4376         1.67
       0.116     0.500000         5199         2.00
       0.119     0.550000         5797         2.22
       0.122     0.600000         6169         2.50
       0.130     0.650000         6663         2.86
       0.145     0.700000         7176         3.33
       0.150     0.750000         7766         4.00
       0.152     0.775000         8019         4.44
       0.154     0.800000         8258         5.00
       0.157     0.825000         8492         5.71
       0.163     0.850000         8699         6.67
       0.175     0.875000         8974         8.00
       0.181     0.887500         9095         8.89
       0.193     0.900000         9212        10.00
       0.203     0.912500         9336        11.43
       0.216     0.925000         9469        13.33
       0.226     0.937500         9595        16.00
       0.232     0.943750         9663        17.78
       0.241     0.950000         9722        20.00
       0.254     0.956250         9791        22.86
       0.272     0.962500         9848        26.67
       0.293     0.968750         9913        32.00
       0.302     0.971875         9944        35.56
       0.309     0.975000         9983        40.00
       0.315     0.978125        10010        45.71
       0.328     0.981250        10041        53.33
       0.341     0.984375        10071        64.00
       0.348     0.985938        10087        71.11
       0.354     0.987500        10103        80.00
       0.363     0.989062        10119        91.43
       0.377     0.990625        10137       106.67
       0.391     0.992188        10151       128.00
       0.407     0.992969        10159       142.22
       0.423     0.993750        10167       160.00
       0.440     0.994531        10175       182.86
       0.453     0.995313        10183       213.33
       0.473     0.996094        10191       256.00
       0.486     0.996484        10195       284.44
       0.511     0.996875        10199       320.00
       0.535     0.997266        10205       365.71
       0.552     0.997656        10207       426.67
       0.607     0.998047        10211       512.00
       0.626     0.998242        10213       568.89
       0.629     0.998437        10215       640.00
       0.640     0.998633        10217       731.43
       0.652     0.998828        10219       853.33
       0.669     0.999023        10221      1024.00
       0.684     0.999121        10222      1137.78
       2.651     0.999219        10223      1280.00
       3.735     0.999316        10224      1462.86
       4.203     0.999414        10225      1706.67
       4.231     0.999512        10226      2048.00
       4.231     0.999561        10226      2275.56
       4.771     0.999609        10227      2560.00
       4.771     0.999658        10227      2925.71
       5.271     0.999707        10228      3413.33
       5.271     0.999756        10228      4096.00
       5.271     0.999780        10228      4551.11
       5.863     0.999805        10229      5120.00
       5.863     0.999829        10229      5851.43
       5.863     0.999854        10229      6826.67
       5.863     0.999878        10229      8192.00
       5.863     0.999890        10229      9102.22
       6.451     0.999902        10230     10240.00
       6.451     1.000000        10230          inf
#[Mean    =        0.132, StdDeviation   =        0.145]
#[Max     =        6.448, Total count    =        10230]
#[Buckets =           27, SubBuckets     =         2048]
-----------------------------------------------------------------------
  10232 requests in 10.00s, 1.60MB read
Requests/sec:   1023.09  
Transfer/sec:    163.85KB
