Running 30s test @ http://localhost:8888/
  2 threads and 10 connections

  Thread calibration: mean lat.: 0.121ms, rate sampling interval: 10ms
  Thread calibration: mean lat.: 0.124ms, rate sampling interval: 10ms
reconnect_socket
reconnect_socket
reconnect_socket
reconnect_socket
reconnect_socket
reconnect_socket
reconnect_socket
reconnect_socket
reconnect_socket
reconnect_socket

-----------------------------------------------------------------------
Test Results @ http://localhost:8888/ 
  Thread Stats   Avg      Stdev     99%   +/- Stdev
    Latency   113.74us   67.08us 366.00us   81.34%
    Req/Sec   270.26    220.65   555.00     39.24%
  Latency Distribution (HdrHistogram - Recorded Latency)
 50.000%  103.00us
 75.000%  141.00us
 90.000%  181.00us
 99.000%  366.00us
 99.900%  660.00us
 99.990%  772.00us
 99.999%  786.00us
100.000%  786.00us

  Detailed Percentile spectrum:
       Value   Percentile   TotalCount 1/(1-Percentile)

       0.021     0.000000            1         1.00
       0.047     0.100000         1031         1.11
       0.060     0.200000         2098         1.25
       0.073     0.300000         3090         1.43
       0.090     0.400000         4121         1.67
       0.103     0.500000         5118         2.00
       0.114     0.550000         5643         2.22
       0.122     0.600000         6178         2.50
       0.127     0.650000         6734         2.86
       0.132     0.700000         7230         3.33
       0.141     0.750000         7699         4.00
       0.149     0.775000         7946         4.44
       0.158     0.800000         8224         5.00
       0.163     0.825000         8477         5.71
       0.168     0.850000         8731         6.67
       0.173     0.875000         8986         8.00
       0.176     0.887500         9095         8.89
       0.181     0.900000         9233        10.00
       0.187     0.912500         9352        11.43
       0.193     0.925000         9467        13.33
       0.203     0.937500         9593        16.00
       0.209     0.943750         9664        17.78
       0.215     0.950000         9723        20.00
       0.223     0.956250         9790        22.86
       0.233     0.962500         9850        26.67
       0.245     0.968750         9912        32.00
       0.252     0.971875         9944        35.56
       0.263     0.975000         9976        40.00
       0.273     0.978125        10008        45.71
       0.289     0.981250        10039        53.33
       0.308     0.984375        10071        64.00
       0.318     0.985938        10087        71.11
       0.339     0.987500        10103        80.00
       0.360     0.989062        10120        91.43
       0.375     0.990625        10136       106.67
       0.393     0.992188        10151       128.00
       0.404     0.992969        10160       142.22
       0.417     0.993750        10167       160.00
       0.431     0.994531        10175       182.86
       0.461     0.995313        10183       213.33
       0.492     0.996094        10191       256.00
       0.519     0.996484        10195       284.44
       0.532     0.996875        10199       320.00
       0.565     0.997266        10203       365.71
       0.578     0.997656        10207       426.67
       0.597     0.998047        10211       512.00
       0.599     0.998242        10213       568.89
       0.607     0.998437        10215       640.00
       0.625     0.998633        10217       731.43
       0.657     0.998828        10219       853.33
       0.670     0.999023        10221      1024.00
       0.677     0.999121        10223      1137.78
       0.677     0.999219        10223      1280.00
       0.695     0.999316        10224      1462.86
       0.741     0.999414        10225      1706.67
       0.753     0.999512        10226      2048.00
       0.753     0.999561        10226      2275.56
       0.758     0.999609        10227      2560.00
       0.758     0.999658        10227      2925.71
       0.767     0.999707        10228      3413.33
       0.767     0.999756        10228      4096.00
       0.767     0.999780        10228      4551.11
       0.772     0.999805        10229      5120.00
       0.772     0.999829        10229      5851.43
       0.772     0.999854        10229      6826.67
       0.772     0.999878        10229      8192.00
       0.772     0.999890        10229      9102.22
       0.786     0.999902        10230     10240.00
       0.786     1.000000        10230          inf
#[Mean    =        0.114, StdDeviation   =        0.067]
#[Max     =        0.786, Total count    =        10230]
#[Buckets =           27, SubBuckets     =         2048]
-----------------------------------------------------------------------
  15352 requests in 30.00s, 3.05MB read
Requests/sec:    511.71  
Transfer/sec:    103.94KB
