Running 10s test @ http://localhost:8888/
  2 threads and 10 connections


-----------------------------------------------------------------------
Test Results @ http://localhost:8888/ 
  Thread Stats   Avg      Stdev     99%   +/- Stdev
    Latency   109.17us   64.49us 339.00us   82.71%
    Req/Sec       -nan      -nan   0.00      0.00%
  Latency Distribution (HdrHistogram - Recorded Latency)
 50.000%   98.00us
 75.000%  135.00us
 90.000%  176.00us
 99.000%  339.00us
 99.900%  632.00us
 99.990%  685.00us
 99.999%  685.00us
100.000%  685.00us

  Detailed Percentile spectrum:
       Value   Percentile   TotalCount 1/(1-Percentile)

       0.022     0.000000            1         1.00
       0.047     0.100000          256         1.11
       0.059     0.200000          543         1.25
       0.068     0.300000          781         1.43
       0.082     0.400000         1028         1.67
       0.098     0.500000         1287         2.00
       0.106     0.550000         1413         2.22
       0.119     0.600000         1547         2.50
       0.122     0.650000         1663         2.86
       0.126     0.700000         1787         3.33
       0.135     0.750000         1919         4.00
       0.142     0.775000         1978         4.44
       0.150     0.800000         2043         5.00
       0.160     0.825000         2118         5.71
       0.164     0.850000         2168         6.67
       0.169     0.875000         2244         8.00
       0.171     0.887500         2267         8.89
       0.176     0.900000         2298        10.00
       0.184     0.912500         2330        11.43
       0.190     0.925000         2361        13.33
       0.198     0.937500         2391        16.00
       0.203     0.943750         2408        17.78
       0.212     0.950000         2426        20.00
       0.217     0.956250         2439        22.86
       0.233     0.962500         2455        26.67
       0.241     0.968750         2471        32.00
       0.247     0.971875         2479        35.56
       0.257     0.975000         2487        40.00
       0.265     0.978125         2495        45.71
       0.285     0.981250         2503        53.33
       0.301     0.984375         2511        64.00
       0.310     0.985938         2515        71.11
       0.324     0.987500         2519        80.00
       0.333     0.989062         2523        91.43
       0.344     0.990625         2527       106.67
       0.356     0.992188         2531       128.00
       0.361     0.992969         2533       142.22
       0.362     0.993750         2535       160.00
       0.364     0.994531         2537       182.86
       0.380     0.995313         2539       213.33
       0.424     0.996094         2541       256.00
       0.527     0.996484         2542       284.44
       0.554     0.996875         2543       320.00
       0.581     0.997266         2544       365.71
       0.606     0.997656         2545       426.67
       0.629     0.998047         2546       512.00
       0.629     0.998242         2546       568.89
       0.632     0.998437         2547       640.00
       0.632     0.998633         2547       731.43
       0.646     0.998828         2548       853.33
       0.646     0.999023         2548      1024.00
       0.646     0.999121         2548      1137.78
       0.669     0.999219         2549      1280.00
       0.669     0.999316         2549      1462.86
       0.669     0.999414         2549      1706.67
       0.669     0.999512         2549      2048.00
       0.669     0.999561         2549      2275.56
       0.685     0.999609         2550      2560.00
       0.685     1.000000         2550          inf
#[Mean    =        0.109, StdDeviation   =        0.064]
#[Max     =        0.685, Total count    =         2550]
#[Buckets =           27, SubBuckets     =         2048]
-----------------------------------------------------------------------
  2552 requests in 10.00s, 518.38KB read
Requests/sec:    255.17  
Transfer/sec:     51.83KB
