Running 10s test @ http://localhost:8888/
  8 threads and 10 connections

reconnect_socket
reconnect_socket
reconnect_socket
reconnect_socket
reconnect_socket
reconnect_socket
reconnect_socket
reconnect_socket
reconnect_socket
reconnect_socket
reconnect_socket
reconnect_socket
reconnect_socket
reconnect_socket
reconnect_socket
reconnect_socket
  Thread calibration: mean lat.: 0.110ms, rate sampling interval: 10ms

-----------------------------------------------------------------------
Test Results @ http://localhost:8888/ 
  Thread Stats   Avg      Stdev     99%   +/- Stdev
    Latency   116.80us   56.24us 324.00us   78.37%
    Req/Sec       -nan      -nan   0.00      0.00%
  Latency Distribution (HdrHistogram - Recorded Latency)
 50.000%  116.00us
 75.000%  148.00us
 90.000%  168.00us
 99.000%  324.00us
 99.900%  483.00us
 99.990%  608.00us
 99.999%  732.00us
100.000%  732.00us

  Detailed Percentile spectrum:
       Value   Percentile   TotalCount 1/(1-Percentile)

       0.017     0.000000            3         1.00
       0.057     0.100000         1939         1.11
       0.065     0.200000         3652         1.25
       0.079     0.300000         5386         1.43
       0.105     0.400000         7185         1.67
       0.116     0.500000         9189         2.00
       0.119     0.550000         9916         2.22
       0.123     0.600000        10883         2.50
       0.129     0.650000        11753         2.86
       0.138     0.700000        12577         3.33
       0.148     0.750000        13633         4.00
       0.150     0.775000        14099         4.44
       0.152     0.800000        14556         5.00
       0.154     0.825000        14972         5.71
       0.156     0.850000        15296         6.67
       0.159     0.875000        15695         8.00
       0.163     0.887500        15940         8.89
       0.168     0.900000        16159        10.00
       0.173     0.912500        16351        11.43
       0.179     0.925000        16570        13.33
       0.187     0.937500        16801        16.00
       0.193     0.943750        16919        17.78
       0.199     0.950000        17025        20.00
       0.207     0.956250        17132        22.86
       0.218     0.962500        17246        26.67
       0.237     0.968750        17357        32.00
       0.256     0.971875        17411        35.56
       0.276     0.975000        17470        40.00
       0.289     0.978125        17523        45.71
       0.295     0.981250        17588        53.33
       0.302     0.984375        17640        64.00
       0.305     0.985938        17662        71.11
       0.311     0.987500        17693        80.00
       0.319     0.989062        17720        91.43
       0.328     0.990625        17747       106.67
       0.339     0.992188        17774       128.00
       0.348     0.992969        17790       142.22
       0.357     0.993750        17802       160.00
       0.368     0.994531        17816       182.86
       0.382     0.995313        17830       213.33
       0.396     0.996094        17844       256.00
       0.411     0.996484        17851       284.44
       0.421     0.996875        17859       320.00
       0.437     0.997266        17865       365.71
       0.451     0.997656        17873       426.67
       0.454     0.998047        17879       512.00
       0.456     0.998242        17882       568.89
       0.467     0.998437        17886       640.00
       0.478     0.998633        17889       731.43
       0.482     0.998828        17894       853.33
       0.483     0.999023        17896      1024.00
       0.486     0.999121        17898      1137.78
       0.497     0.999219        17900      1280.00
       0.500     0.999316        17902      1462.86
       0.507     0.999414        17903      1706.67
       0.527     0.999512        17905      2048.00
       0.545     0.999561        17906      2275.56
       0.560     0.999609        17907      2560.00
       0.560     0.999658        17907      2925.71
       0.569     0.999707        17908      3413.33
       0.572     0.999756        17909      4096.00
       0.573     0.999780        17910      4551.11
       0.573     0.999805        17910      5120.00
       0.573     0.999829        17910      5851.43
       0.608     0.999854        17911      6826.67
       0.608     0.999878        17911      8192.00
       0.615     0.999890        17912      9102.22
       0.615     0.999902        17912     10240.00
       0.615     0.999915        17912     11702.86
       0.615     0.999927        17912     13653.33
       0.615     0.999939        17912     16384.00
       0.732     0.999945        17913     18204.44
       0.732     1.000000        17913          inf
#[Mean    =        0.117, StdDeviation   =        0.056]
#[Max     =        0.732, Total count    =        17913]
#[Buckets =           27, SubBuckets     =         2048]
-----------------------------------------------------------------------
  20223 requests in 10.00s, 3.16MB read
Requests/sec:   2022.16  
Transfer/sec:    323.85KB
