Running 10s test @ http://localhost:8888/
  2 threads and 10 connections

reconnect_socket
reconnect_socket
reconnect_socket
reconnect_socket
reconnect_socket
reconnect_socket
reconnect_socket
reconnect_socket
reconnect_socket
reconnect_socket
reconnect_socket
reconnect_socket
reconnect_socket
reconnect_socket
reconnect_socket
reconnect_socket
reconnect_socket
reconnect_socket
reconnect_socket
reconnect_socket

-----------------------------------------------------------------------
Test Results @ http://localhost:8888/ 
  Thread Stats   Avg      Stdev     99%   +/- Stdev
    Latency     0.86ms    1.13ms   5.80ms   90.97%
    Req/Sec       -nan      -nan   0.00      0.00%
  Latency Distribution (HdrHistogram - Recorded Latency)
 50.000%  435.00us
 75.000%    0.98ms
 90.000%    1.81ms
 99.000%    5.80ms
 99.900%   10.52ms
 99.990%   12.10ms
 99.999%   12.57ms
100.000%   12.57ms

  Detailed Percentile spectrum:
       Value   Percentile   TotalCount 1/(1-Percentile)

       0.178     0.000000            1         1.00
       0.208     0.100000         2108         1.11
       0.224     0.200000         4272         1.25
       0.234     0.300000         6201         1.43
       0.391     0.400000         8232         1.67
       0.435     0.500000        10264         2.00
       0.481     0.550000        11264         2.22
       0.584     0.600000        12284         2.50
       0.783     0.650000        13306         2.86
       0.854     0.700000        14340         3.33
       0.977     0.750000        15354         4.00
       1.059     0.775000        15869         4.44
       1.200     0.800000        16378         5.00
       1.271     0.825000        16893         5.71
       1.391     0.850000        17402         6.67
       1.553     0.875000        17915         8.00
       1.647     0.887500        18168         8.89
       1.813     0.900000        18423        10.00
       2.036     0.912500        18679        11.43
       2.251     0.925000        18935        13.33
       2.595     0.937500        19195        16.00
       2.999     0.943750        19319        17.78
       3.103     0.950000        19450        20.00
       3.209     0.956250        19575        22.86
       3.609     0.962500        19704        26.67
       3.919     0.968750        19831        32.00
       4.103     0.971875        19895        35.56
       4.159     0.975000        19964        40.00
       4.191     0.978125        20024        45.71
       4.419     0.981250        20088        53.33
       4.691     0.984375        20151        64.00
       4.855     0.985938        20183        71.11
       5.143     0.987500        20215        80.00
       5.563     0.989062        20247        91.43
       5.883     0.990625        20279       106.67
       6.343     0.992188        20311       128.00
       6.543     0.992969        20328       142.22
       6.895     0.993750        20343       160.00
       7.239     0.994531        20359       182.86
       7.691     0.995313        20375       213.33
       8.295     0.996094        20391       256.00
       8.455     0.996484        20399       284.44
       8.759     0.996875        20407       320.00
       8.935     0.997266        20415       365.71
       9.223     0.997656        20423       426.67
       9.527     0.998047        20431       512.00
       9.807     0.998242        20435       568.89
      10.007     0.998437        20439       640.00
      10.175     0.998633        20443       731.43
      10.487     0.998828        20447       853.33
      10.519     0.999023        20451      1024.00
      10.543     0.999121        20453      1137.78
      10.935     0.999219        20455      1280.00
      10.967     0.999316        20457      1462.86
      11.207     0.999414        20459      1706.67
      11.447     0.999512        20461      2048.00
      11.623     0.999561        20462      2275.56
      11.783     0.999609        20463      2560.00
      11.863     0.999658        20464      2925.71
      11.959     0.999707        20465      3413.33
      12.039     0.999756        20466      4096.00
      12.039     0.999780        20466      4551.11
      12.071     0.999805        20467      5120.00
      12.071     0.999829        20467      5851.43
      12.103     0.999854        20468      6826.67
      12.103     0.999878        20468      8192.00
      12.103     0.999890        20468      9102.22
      12.279     0.999902        20469     10240.00
      12.279     0.999915        20469     11702.86
      12.279     0.999927        20469     13653.33
      12.279     0.999939        20469     16384.00
      12.279     0.999945        20469     18204.44
      12.567     0.999951        20470     20480.00
      12.567     1.000000        20470          inf
#[Mean    =        0.859, StdDeviation   =        1.134]
#[Max     =       12.560, Total count    =        20470]
#[Buckets =           27, SubBuckets     =         2048]
-----------------------------------------------------------------------
  20472 requests in 10.00s, 22.45MB read
Requests/sec:   2046.92  
Transfer/sec:      2.24MB
