Running 10s test @ http://localhost:8888/
  4 threads and 10 connections

  Thread calibration: mean lat.: 0.239ms, rate sampling interval: 10ms

-----------------------------------------------------------------------
Test Results @ http://localhost:8888/ 
  Thread Stats   Avg      Stdev     99%   +/- Stdev
    Latency   141.91us   82.33us 440.00us   79.86%
    Req/Sec       -nan      -nan   0.00      0.00%
  Latency Distribution (HdrHistogram - Recorded Latency)
 50.000%  127.00us
 75.000%  163.00us
 90.000%  242.00us
 99.000%  440.00us
 99.900%  551.00us
 99.990%    0.92ms
 99.999%    0.92ms
100.000%    0.92ms

  Detailed Percentile spectrum:
       Value   Percentile   TotalCount 1/(1-Percentile)

       0.017     0.000000            1         1.00
       0.061     0.100000          404         1.11
       0.075     0.200000          781         1.25
       0.096     0.300000         1151         1.43
       0.117     0.400000         1539         1.67
       0.127     0.500000         1934         2.00
       0.134     0.550000         2139         2.22
       0.142     0.600000         2307         2.50
       0.152     0.650000         2503         2.86
       0.157     0.700000         2695         3.33
       0.163     0.750000         2893         4.00
       0.167     0.775000         2980         4.44
       0.174     0.800000         3071         5.00
       0.185     0.825000         3166         5.71
       0.198     0.850000         3259         6.67
       0.217     0.875000         3355         8.00
       0.228     0.887500         3404         8.89
       0.242     0.900000         3452        10.00
       0.257     0.912500         3501        11.43
       0.276     0.925000         3548        13.33
       0.295     0.937500         3595        16.00
       0.309     0.943750         3619        17.78
       0.323     0.950000         3646        20.00
       0.337     0.956250         3668        22.86
       0.348     0.962500         3692        26.67
       0.359     0.968750         3715        32.00
       0.367     0.971875         3727        35.56
       0.380     0.975000         3740        40.00
       0.385     0.978125         3752        45.71
       0.396     0.981250         3763        53.33
       0.411     0.984375         3775        64.00
       0.418     0.985938         3781        71.11
       0.427     0.987500         3787        80.00
       0.436     0.989062         3794        91.43
       0.443     0.990625         3799       106.67
       0.456     0.992188         3806       128.00
       0.461     0.992969         3808       142.22
       0.474     0.993750         3811       160.00
       0.485     0.994531         3814       182.86
       0.488     0.995313         3817       213.33
       0.502     0.996094         3820       256.00
       0.504     0.996484         3821       284.44
       0.509     0.996875         3823       320.00
       0.514     0.997266         3824       365.71
       0.529     0.997656         3826       426.67
       0.533     0.998047         3827       512.00
       0.537     0.998242         3828       568.89
       0.549     0.998437         3829       640.00
       0.549     0.998633         3829       731.43
       0.551     0.998828         3830       853.33
       0.552     0.999023         3831      1024.00
       0.552     0.999121         3831      1137.78
       0.564     0.999219         3832      1280.00
       0.564     0.999316         3832      1462.86
       0.564     0.999414         3832      1706.67
       0.573     0.999512         3833      2048.00
       0.573     0.999561         3833      2275.56
       0.573     0.999609         3833      2560.00
       0.573     0.999658         3833      2925.71
       0.573     0.999707         3833      3413.33
       0.921     0.999756         3834      4096.00
       0.921     1.000000         3834          inf
#[Mean    =        0.142, StdDeviation   =        0.082]
#[Max     =        0.921, Total count    =         3834]
#[Buckets =           27, SubBuckets     =         2048]
-----------------------------------------------------------------------
  5115 requests in 10.00s, 819.20KB read
Requests/sec:    511.43  
Transfer/sec:     81.91KB
