Running 1m test @ http://localhost:8888/
  4 threads and 10 connections

  Thread calibration: mean lat.: 0.150ms, rate sampling interval: 10ms
  Thread calibration: mean lat.: 0.136ms, rate sampling interval: 10ms
  Thread calibration: mean lat.: 0.133ms, rate sampling interval: 10ms
  Thread calibration: mean lat.: 0.123ms, rate sampling interval: 10ms
reconnect_socket
reconnect_socket
reconnect_socket
reconnect_socket
reconnect_socket
reconnect_socket
reconnect_socket
reconnect_socket

-----------------------------------------------------------------------
Test Results @ http://localhost:8888/ 
  Thread Stats   Avg      Stdev     99%   +/- Stdev
    Latency   152.24us  211.76us 448.00us   97.19%
    Req/Sec    68.01     93.95   222.00     71.57%
  Latency Distribution (HdrHistogram - Recorded Latency)
 50.000%  127.00us
 75.000%  170.00us
 90.000%  253.00us
 99.000%  448.00us
 99.900%    4.34ms
 99.990%    5.15ms
 99.999%    5.22ms
100.000%    5.22ms

  Detailed Percentile spectrum:
       Value   Percentile   TotalCount 1/(1-Percentile)

       0.020     0.000000            2         1.00
       0.060     0.100000         1301         1.11
       0.074     0.200000         2649         1.25
       0.092     0.300000         3867         1.43
       0.114     0.400000         5172         1.67
       0.127     0.500000         6429         2.00
       0.136     0.550000         7069         2.22
       0.148     0.600000         7734         2.50
       0.154     0.650000         8464         2.86
       0.159     0.700000         9010         3.33
       0.170     0.750000         9619         4.00
       0.181     0.775000         9943         4.44
       0.191     0.800000        10243         5.00
       0.204     0.825000        10566         5.71
       0.219     0.850000        10878         6.67
       0.235     0.875000        11211         8.00
       0.244     0.887500        11359         8.89
       0.253     0.900000        11518        10.00
       0.267     0.912500        11686        11.43
       0.282     0.925000        11854        13.33
       0.299     0.937500        12000        16.00
       0.308     0.943750        12082        17.78
       0.319     0.950000        12159        20.00
       0.332     0.956250        12238        22.86
       0.343     0.962500        12320        26.67
       0.358     0.968750        12401        32.00
       0.365     0.971875        12437        35.56
       0.374     0.975000        12481        40.00
       0.383     0.978125        12520        45.71
       0.398     0.981250        12557        53.33
       0.416     0.984375        12597        64.00
       0.423     0.985938        12617        71.11
       0.432     0.987500        12638        80.00
       0.443     0.989062        12658        91.43
       0.453     0.990625        12677       106.67
       0.463     0.992188        12697       128.00
       0.470     0.992969        12707       142.22
       0.479     0.993750        12717       160.00
       0.489     0.994531        12727       182.86
       0.501     0.995313        12737       213.33
       0.516     0.996094        12747       256.00
       0.526     0.996484        12752       284.44
       0.540     0.996875        12757       320.00
       0.569     0.997266        12762       365.71
       0.608     0.997656        12767       426.67
       3.419     0.998047        12772       512.00
       3.935     0.998242        12774       568.89
       4.037     0.998437        12777       640.00
       4.139     0.998633        12780       731.43
       4.327     0.998828        12782       853.33
       4.403     0.999023        12784      1024.00
       4.467     0.999121        12785      1137.78
       4.927     0.999219        12787      1280.00
       4.951     0.999316        12788      1462.86
       4.959     0.999414        12789      1706.67
       5.023     0.999512        12790      2048.00
       5.067     0.999561        12791      2275.56
       5.079     0.999609        12793      2560.00
       5.079     0.999658        12793      2925.71
       5.079     0.999707        12793      3413.33
       5.079     0.999756        12793      4096.00
       5.123     0.999780        12794      4551.11
       5.123     0.999805        12794      5120.00
       5.123     0.999829        12794      5851.43
       5.147     0.999854        12795      6826.67
       5.147     0.999878        12795      8192.00
       5.147     0.999890        12795      9102.22
       5.147     0.999902        12795     10240.00
       5.147     0.999915        12795     11702.86
       5.223     0.999927        12796     13653.33
       5.223     1.000000        12796          inf
#[Mean    =        0.152, StdDeviation   =        0.212]
#[Max     =        5.220, Total count    =        12796]
#[Buckets =           27, SubBuckets     =         2048]
-----------------------------------------------------------------------
  15356 requests in 1.00m, 2.40MB read
Requests/sec:    255.93  
Transfer/sec:     40.99KB
