Running 30s test @ http://localhost:8888/
  2 threads and 10 connections

  Thread calibration: mean lat.: 4.131ms, rate sampling interval: 13ms
  Thread calibration: mean lat.: 4.945ms, rate sampling interval: 13ms

-----------------------------------------------------------------------
Test Results @ http://localhost:8888/ 
  Thread Stats   Avg      Stdev     99%   +/- Stdev
    Latency     4.23ms    1.85ms   7.37ms   65.23%
    Req/Sec   133.21    147.08   416.00     77.28%
  Latency Distribution (HdrHistogram - Recorded Latency)
 50.000%    4.51ms
 75.000%    5.72ms
 90.000%    6.78ms
 99.000%    7.37ms
 99.900%    8.47ms
 99.990%   10.63ms
 99.999%   10.68ms
100.000%   10.68ms

  Detailed Percentile spectrum:
       Value   Percentile   TotalCount 1/(1-Percentile)

       0.412     0.000000            2         1.00
       1.383     0.100000          512         1.11
       2.463     0.200000         1029         1.25
       3.273     0.300000         1536         1.43
       3.639     0.400000         2052         1.67
       4.507     0.500000         2566         2.00
       4.623     0.550000         2820         2.22
       4.747     0.600000         3078         2.50
       5.167     0.650000         3327         2.86
       5.659     0.700000         3586         3.33
       5.723     0.750000         3857         4.00
       5.751     0.775000         3973         4.44
       5.787     0.800000         4097         5.00
       6.031     0.825000         4223         5.71
       6.715     0.850000         4357         6.67
       6.751     0.875000         4487         8.00
       6.771     0.887500         4561         8.89
       6.779     0.900000         4610        10.00
       6.795     0.912500         4693        11.43
       6.803     0.925000         4744        13.33
       6.819     0.937500         4807        16.00
       6.827     0.943750         4839        17.78
       6.835     0.950000         4871        20.00
       6.843     0.956250         4898        22.86
       6.855     0.962500         4935        26.67
       6.867     0.968750         4971        32.00
       6.871     0.971875         4978        35.56
       6.879     0.975000         4993        40.00
       6.891     0.978125         5009        45.71
       6.911     0.981250         5022        53.33
       6.955     0.984375         5038        64.00
       6.971     0.985938         5046        71.11
       7.087     0.987500         5054        80.00
       7.315     0.989062         5062        91.43
       7.695     0.990625         5070       106.67
       7.851     0.992188         5079       128.00
       7.871     0.992969         5082       142.22
       7.883     0.993750         5086       160.00
       7.903     0.994531         5090       182.86
       7.939     0.995313         5094       213.33
       7.959     0.996094         5100       256.00
       7.959     0.996484         5100       284.44
       7.967     0.996875         5102       320.00
       7.975     0.997266         5104       365.71
       7.983     0.997656         5106       426.67
       8.127     0.998047         5108       512.00
       8.207     0.998242         5109       568.89
       8.247     0.998437         5110       640.00
       8.311     0.998633         5111       731.43
       8.471     0.998828         5112       853.33
       8.495     0.999023         5113      1024.00
       8.495     0.999121         5113      1137.78
       9.559     0.999219         5114      1280.00
       9.559     0.999316         5114      1462.86
       9.575     0.999414         5115      1706.67
       9.575     0.999512         5115      2048.00
       9.575     0.999561         5115      2275.56
      10.631     0.999609         5116      2560.00
      10.631     0.999658         5116      2925.71
      10.631     0.999707         5116      3413.33
      10.631     0.999756         5116      4096.00
      10.631     0.999780         5116      4551.11
      10.679     0.999805         5117      5120.00
      10.679     1.000000         5117          inf
#[Mean    =        4.234, StdDeviation   =        1.847]
#[Max     =       10.672, Total count    =         5117]
#[Buckets =           27, SubBuckets     =         2048]
-----------------------------------------------------------------------
  7672 requests in 30.00s, 6.58MB read
Requests/sec:    255.70  
Transfer/sec:    224.48KB
