Running 10s test @ http://localhost:8888/
  2 threads and 10 connections


-----------------------------------------------------------------------
Test Results @ http://localhost:8888/ 
  Thread Stats   Avg      Stdev     99%   +/- Stdev
    Latency     1.19ms  562.80us   2.61ms   75.57%
    Req/Sec       -nan      -nan   0.00      0.00%
  Latency Distribution (HdrHistogram - Recorded Latency)
 50.000%    1.06ms
 75.000%    1.54ms
 90.000%    1.80ms
 99.000%    2.61ms
 99.900%    6.59ms
 99.990%    6.93ms
 99.999%    6.93ms
100.000%    6.93ms

  Detailed Percentile spectrum:
       Value   Percentile   TotalCount 1/(1-Percentile)

       0.204     0.000000            2         1.00
       0.587     0.100000          260         1.11
       0.722     0.200000          511         1.25
       0.973     0.300000          767         1.43
       1.022     0.400000         1021         1.67
       1.057     0.500000         1280         2.00
       1.084     0.550000         1404         2.22
       1.207     0.600000         1531         2.50
       1.336     0.650000         1659         2.86
       1.486     0.700000         1785         3.33
       1.543     0.750000         1914         4.00
       1.562     0.775000         1977         4.44
       1.579     0.800000         2041         5.00
       1.599     0.825000         2106         5.71
       1.622     0.850000         2168         6.67
       1.683     0.875000         2232         8.00
       1.733     0.887500         2265         8.89
       1.797     0.900000         2295        10.00
       1.861     0.912500         2328        11.43
       1.938     0.925000         2359        13.33
       2.039     0.937500         2391        16.00
       2.061     0.943750         2407        17.78
       2.087     0.950000         2424        20.00
       2.107     0.956250         2440        22.86
       2.123     0.962500         2456        26.67
       2.147     0.968750         2472        32.00
       2.161     0.971875         2479        35.56
       2.185     0.975000         2487        40.00
       2.229     0.978125         2495        45.71
       2.263     0.981250         2503        53.33
       2.371     0.984375         2511        64.00
       2.409     0.985938         2516        71.11
       2.457     0.987500         2519        80.00
       2.583     0.989062         2523        91.43
       2.625     0.990625         2527       106.67
       2.651     0.992188         2531       128.00
       2.737     0.992969         2533       142.22
       2.785     0.993750         2535       160.00
       2.837     0.994531         2537       182.86
       2.859     0.995313         2539       213.33
       2.943     0.996094         2541       256.00
       2.945     0.996484         2542       284.44
       5.463     0.996875         2543       320.00
       6.283     0.997266         2544       365.71
       6.423     0.997656         2545       426.67
       6.455     0.998047         2546       512.00
       6.455     0.998242         2546       568.89
       6.587     0.998437         2547       640.00
       6.587     0.998633         2547       731.43
       6.615     0.998828         2548       853.33
       6.615     0.999023         2548      1024.00
       6.615     0.999121         2548      1137.78
       6.783     0.999219         2549      1280.00
       6.783     0.999316         2549      1462.86
       6.783     0.999414         2549      1706.67
       6.783     0.999512         2549      2048.00
       6.783     0.999561         2549      2275.56
       6.931     0.999609         2550      2560.00
       6.931     1.000000         2550          inf
#[Mean    =        1.186, StdDeviation   =        0.563]
#[Max     =        6.928, Total count    =         2550]
#[Buckets =           27, SubBuckets     =         2048]
-----------------------------------------------------------------------
  2552 requests in 10.00s, 2.80MB read
Requests/sec:    255.13  
Transfer/sec:    286.53KB
