Running 1m test @ http://localhost:8888/
  4 threads and 10 connections

  Thread calibration: mean lat.: 1.538ms, rate sampling interval: 10ms
  Thread calibration: mean lat.: 1.398ms, rate sampling interval: 10ms
  Thread calibration: mean lat.: 1.473ms, rate sampling interval: 10ms
  Thread calibration: mean lat.: 1.610ms, rate sampling interval: 10ms
reconnect_socket
reconnect_socket
reconnect_socket
reconnect_socket
reconnect_socket
reconnect_socket
reconnect_socket
reconnect_socket

-----------------------------------------------------------------------
Test Results @ http://localhost:8888/ 
  Thread Stats   Avg      Stdev     99%   +/- Stdev
    Latency     1.63ms  705.50us   3.24ms   65.11%
    Req/Sec    67.51     90.46   222.00     73.74%
  Latency Distribution (HdrHistogram - Recorded Latency)
 50.000%    1.60ms
 75.000%    2.14ms
 90.000%    2.59ms
 99.000%    3.24ms
 99.900%    6.74ms
 99.990%    7.56ms
 99.999%    7.58ms
100.000%    7.58ms

  Detailed Percentile spectrum:
       Value   Percentile   TotalCount 1/(1-Percentile)

       0.323     0.000000            1         1.00
       0.734     0.100000         1289         1.11
       0.932     0.200000         2562         1.25
       1.184     0.300000         3842         1.43
       1.394     0.400000         5119         1.67
       1.602     0.500000         6402         2.00
       1.666     0.550000         7044         2.22
       1.759     0.600000         7686         2.50
       1.880     0.650000         8319         2.86
       2.051     0.700000         8959         3.33
       2.137     0.750000         9598         4.00
       2.165     0.775000         9938         4.44
       2.197     0.800000        10241         5.00
       2.247     0.825000        10559         5.71
       2.343     0.850000        10884         6.67
       2.451     0.875000        11202         8.00
       2.521     0.887500        11362         8.89
       2.585     0.900000        11518        10.00
       2.641     0.912500        11685        11.43
       2.679     0.925000        11844        13.33
       2.711     0.937500        12009        16.00
       2.725     0.943750        12082        17.78
       2.743     0.950000        12164        20.00
       2.763     0.956250        12239        22.86
       2.791     0.962500        12318        26.67
       2.849     0.968750        12398        32.00
       2.893     0.971875        12438        35.56
       2.939     0.975000        12479        40.00
       2.977     0.978125        12518        45.71
       3.049     0.981250        12558        53.33
       3.109     0.984375        12600        64.00
       3.143     0.985938        12618        71.11
       3.185     0.987500        12640        80.00
       3.221     0.989062        12658        91.43
       3.267     0.990625        12679       106.67
       3.299     0.992188        12698       128.00
       3.333     0.992969        12708       142.22
       3.367     0.993750        12718       160.00
       3.397     0.994531        12728       182.86
       3.421     0.995313        12738       213.33
       3.483     0.996094        12748       256.00
       3.517     0.996484        12753       284.44
       3.613     0.996875        12758       320.00
       3.847     0.997266        12763       365.71
       4.171     0.997656        12768       426.67
       4.611     0.998047        12773       512.00
       6.119     0.998242        12775       568.89
       6.347     0.998437        12778       640.00
       6.515     0.998633        12780       731.43
       6.595     0.998828        12783       853.33
       6.759     0.999023        12786      1024.00
       6.759     0.999121        12786      1137.78
       6.823     0.999219        12788      1280.00
       6.843     0.999316        12789      1462.86
       6.895     0.999414        12790      1706.67
       6.971     0.999512        12791      2048.00
       7.083     0.999561        12792      2275.56
       7.099     0.999609        12793      2560.00
       7.099     0.999658        12793      2925.71
       7.123     0.999707        12794      3413.33
       7.123     0.999756        12794      4096.00
       7.339     0.999780        12795      4551.11
       7.339     0.999805        12795      5120.00
       7.339     0.999829        12795      5851.43
       7.559     0.999854        12796      6826.67
       7.559     0.999878        12796      8192.00
       7.559     0.999890        12796      9102.22
       7.559     0.999902        12796     10240.00
       7.559     0.999915        12796     11702.86
       7.583     0.999927        12797     13653.33
       7.583     1.000000        12797          inf
#[Mean    =        1.629, StdDeviation   =        0.705]
#[Max     =        7.580, Total count    =        12797]
#[Buckets =           27, SubBuckets     =         2048]
-----------------------------------------------------------------------
  15355 requests in 1.00m, 16.84MB read
Requests/sec:    255.91  
Transfer/sec:    287.39KB
