Running 30s test @ http://localhost:8888/
  2 threads and 10 connections

  Thread calibration: mean lat.: 0.851ms, rate sampling interval: 10ms
  Thread calibration: mean lat.: 0.883ms, rate sampling interval: 10ms

-----------------------------------------------------------------------
Test Results @ http://localhost:8888/ 
  Thread Stats   Avg      Stdev     99%   +/- Stdev
    Latency   718.10us  412.73us   1.95ms   68.23%
    Req/Sec   134.98    199.16   555.00     80.30%
  Latency Distribution (HdrHistogram - Recorded Latency)
 50.000%  609.00us
 75.000%    1.00ms
 90.000%    1.27ms
 99.000%    1.95ms
 99.900%    2.30ms
 99.990%    2.66ms
 99.999%    2.82ms
100.000%    2.82ms

  Detailed Percentile spectrum:
       Value   Percentile   TotalCount 1/(1-Percentile)

       0.196     0.000000            9         1.00
       0.229     0.100000          515         1.11
       0.383     0.200000         1025         1.25
       0.456     0.300000         1535         1.43
       0.544     0.400000         2045         1.67
       0.609     0.500000         2563         2.00
       0.654     0.550000         2819         2.22
       0.716     0.600000         3070         2.50
       0.813     0.650000         3323         2.86
       0.892     0.700000         3580         3.33
       0.999     0.750000         3837         4.00
       1.024     0.775000         3962         4.44
       1.050     0.800000         4096         5.00
       1.079     0.825000         4218         5.71
       1.126     0.850000         4350         6.67
       1.184     0.875000         4476         8.00
       1.229     0.887500         4540         8.89
       1.274     0.900000         4601        10.00
       1.359     0.912500         4665        11.43
       1.452     0.925000         4730        13.33
       1.515     0.937500         4796        16.00
       1.536     0.943750         4825        17.78
       1.550     0.950000         4858        20.00
       1.572     0.956250         4893        22.86
       1.588     0.962500         4921        26.67
       1.617     0.968750         4954        32.00
       1.629     0.971875         4969        35.56
       1.656     0.975000         4985        40.00
       1.707     0.978125         5001        45.71
       1.762     0.981250         5017        53.33
       1.822     0.984375         5033        64.00
       1.857     0.985938         5042        71.11
       1.888     0.987500         5049        80.00
       1.928     0.989062         5057        91.43
       1.983     0.990625         5065       106.67
       2.026     0.992188         5073       128.00
       2.059     0.992969         5078       142.22
       2.077     0.993750         5081       160.00
       2.099     0.994531         5085       182.86
       2.107     0.995313         5089       213.33
       2.127     0.996094         5093       256.00
       2.137     0.996484         5096       284.44
       2.151     0.996875         5097       320.00
       2.159     0.997266         5099       365.71
       2.213     0.997656         5101       426.67
       2.251     0.998047         5103       512.00
       2.271     0.998242         5104       568.89
       2.275     0.998437         5106       640.00
       2.275     0.998633         5106       731.43
       2.299     0.998828         5107       853.33
       2.355     0.999023         5108      1024.00
       2.355     0.999121         5108      1137.78
       2.367     0.999219         5109      1280.00
       2.367     0.999316         5109      1462.86
       2.397     0.999414         5110      1706.67
       2.397     0.999512         5110      2048.00
       2.397     0.999561         5110      2275.56
       2.663     0.999609         5111      2560.00
       2.663     0.999658         5111      2925.71
       2.663     0.999707         5111      3413.33
       2.663     0.999756         5111      4096.00
       2.663     0.999780         5111      4551.11
       2.821     0.999805         5112      5120.00
       2.821     1.000000         5112          inf
#[Mean    =        0.718, StdDeviation   =        0.413]
#[Max     =        2.820, Total count    =         5112]
#[Buckets =           27, SubBuckets     =         2048]
-----------------------------------------------------------------------
  7672 requests in 30.00s, 8.41MB read
Requests/sec:    255.72  
Transfer/sec:    287.18KB
