Running 30s test @ http://localhost:8888/
  2 threads and 10 connections

reconnect_socket
reconnect_socket
reconnect_socket
reconnect_socket
reconnect_socket
reconnect_socket
reconnect_socket
reconnect_socket
reconnect_socket
reconnect_socket
  Thread calibration: mean lat.: 0.133ms, rate sampling interval: 10ms
  Thread calibration: mean lat.: 0.140ms, rate sampling interval: 10ms
reconnect_socket
reconnect_socket
reconnect_socket
reconnect_socket
reconnect_socket
reconnect_socket
reconnect_socket
reconnect_socket
reconnect_socket
reconnect_socket
reconnect_socket
reconnect_socket
reconnect_socket
reconnect_socket
reconnect_socket
reconnect_socket
reconnect_socket
reconnect_socket
reconnect_socket
reconnect_socket

-----------------------------------------------------------------------
Test Results @ http://localhost:8888/ 
  Thread Stats   Avg      Stdev     99%   +/- Stdev
    Latency   120.45us   62.13us 347.00us   78.06%
    Req/Sec   537.57     56.24   700.00     79.45%
  Latency Distribution (HdrHistogram - Recorded Latency)
 50.000%  121.00us
 75.000%  148.00us
 90.000%  177.00us
 99.000%  347.00us
 99.900%  594.00us
 99.990%  828.00us
 99.999%    1.36ms
100.000%    1.36ms

  Detailed Percentile spectrum:
       Value   Percentile   TotalCount 1/(1-Percentile)

       0.020     0.000000            1         1.00
       0.052     0.100000         2048         1.11
       0.068     0.200000         4167         1.25
       0.089     0.300000         6165         1.43
       0.104     0.400000         8222         1.67
       0.121     0.500000        10431         2.00
       0.124     0.550000        11428         2.22
       0.127     0.600000        12461         2.50
       0.130     0.650000        13325         2.86
       0.136     0.700000        14403         3.33
       0.148     0.750000        15402         4.00
       0.156     0.775000        15914         4.44
       0.161     0.800000        16479         5.00
       0.165     0.825000        16949         5.71
       0.169     0.850000        17488         6.67
       0.173     0.875000        18024         8.00
       0.175     0.887500        18249         8.89
       0.177     0.900000        18426        10.00
       0.183     0.912500        18710        11.43
       0.190     0.925000        18971        13.33
       0.198     0.937500        19198        16.00
       0.203     0.943750        19337        17.78
       0.209     0.950000        19464        20.00
       0.217     0.956250        19580        22.86
       0.227     0.962500        19710        26.67
       0.240     0.968750        19833        32.00
       0.247     0.971875        19896        35.56
       0.259     0.975000        19963        40.00
       0.272     0.978125        20026        45.71
       0.293     0.981250        20088        53.33
       0.309     0.984375        20152        64.00
       0.317     0.985938        20185        71.11
       0.326     0.987500        20216        80.00
       0.341     0.989062        20250        91.43
       0.354     0.990625        20281       106.67
       0.370     0.992188        20312       128.00
       0.382     0.992969        20330       142.22
       0.392     0.993750        20345       160.00
       0.402     0.994531        20360       182.86
       0.414     0.995313        20377       213.33
       0.440     0.996094        20392       256.00
       0.449     0.996484        20400       284.44
       0.477     0.996875        20408       320.00
       0.493     0.997266        20417       365.71
       0.512     0.997656        20424       426.67
       0.531     0.998047        20432       512.00
       0.539     0.998242        20437       568.89
       0.547     0.998437        20440       640.00
       0.559     0.998633        20444       731.43
       0.578     0.998828        20448       853.33
       0.596     0.999023        20452      1024.00
       0.604     0.999121        20454      1137.78
       0.619     0.999219        20456      1280.00
       0.626     0.999316        20458      1462.86
       0.655     0.999414        20460      1706.67
       0.664     0.999512        20462      2048.00
       0.679     0.999561        20463      2275.56
       0.687     0.999609        20464      2560.00
       0.702     0.999658        20465      2925.71
       0.706     0.999707        20466      3413.33
       0.772     0.999756        20467      4096.00
       0.772     0.999780        20467      4551.11
       0.802     0.999805        20468      5120.00
       0.802     0.999829        20468      5851.43
       0.828     0.999854        20469      6826.67
       0.828     0.999878        20469      8192.00
       0.828     0.999890        20469      9102.22
       0.836     0.999902        20470     10240.00
       0.836     0.999915        20470     11702.86
       0.836     0.999927        20470     13653.33
       0.836     0.999939        20470     16384.00
       0.836     0.999945        20470     18204.44
       1.361     0.999951        20471     20480.00
       1.361     1.000000        20471          inf
#[Mean    =        0.120, StdDeviation   =        0.062]
#[Max     =        1.361, Total count    =        20471]
#[Buckets =           27, SubBuckets     =         2048]
-----------------------------------------------------------------------
  30712 requests in 30.00s, 6.09MB read
Requests/sec:   1023.73  
Transfer/sec:    207.94KB
