Running 10s test @ http://localhost:8888/
  2 threads and 10 connections

reconnect_socket
reconnect_socket
reconnect_socket
reconnect_socket
reconnect_socket
reconnect_socket
reconnect_socket
reconnect_socket
reconnect_socket
reconnect_socket
reconnect_socket
reconnect_socket
reconnect_socket
reconnect_socket
reconnect_socket
reconnect_socket
reconnect_socket
reconnect_socket
reconnect_socket
reconnect_socket

-----------------------------------------------------------------------
Test Results @ http://localhost:8888/ 
  Thread Stats   Avg      Stdev     99%   +/- Stdev
    Latency   119.42us   73.42us 349.00us   91.11%
    Req/Sec       -nan      -nan   0.00      0.00%
  Latency Distribution (HdrHistogram - Recorded Latency)
 50.000%  115.00us
 75.000%  146.00us
 90.000%  159.00us
 99.000%  349.00us
 99.900%  590.00us
 99.990%    3.29ms
 99.999%    4.32ms
100.000%    4.32ms

  Detailed Percentile spectrum:
       Value   Percentile   TotalCount 1/(1-Percentile)

       0.021     0.000000            1         1.00
       0.057     0.100000         2111         1.11
       0.080     0.200000         4127         1.25
       0.107     0.300000         6203         1.43
       0.112     0.400000         8653         1.67
       0.115     0.500000        10578         2.00
       0.117     0.550000        11682         2.22
       0.119     0.600000        12653         2.50
       0.123     0.650000        13450         2.86
       0.134     0.700000        14332         3.33
       0.146     0.750000        15483         4.00
       0.148     0.775000        16085         4.44
       0.150     0.800000        16660         5.00
       0.151     0.825000        16945         5.71
       0.153     0.850000        17499         6.67
       0.155     0.875000        17963         8.00
       0.157     0.887500        18271         8.89
       0.159     0.900000        18478        10.00
       0.162     0.912500        18746        11.43
       0.165     0.925000        18971        13.33
       0.170     0.937500        19242        16.00
       0.172     0.943750        19324        17.78
       0.176     0.950000        19457        20.00
       0.182     0.956250        19588        22.86
       0.190     0.962500        19717        26.67
       0.203     0.968750        19835        32.00
       0.213     0.971875        19898        35.56
       0.228     0.975000        19964        40.00
       0.258     0.978125        20026        45.71
       0.287     0.981250        20091        53.33
       0.301     0.984375        20155        64.00
       0.310     0.985938        20187        71.11
       0.324     0.987500        20219        80.00
       0.342     0.989062        20251        91.43
       0.357     0.990625        20283       106.67
       0.374     0.992188        20314       128.00
       0.391     0.992969        20332       142.22
       0.400     0.993750        20346       160.00
       0.414     0.994531        20362       182.86
       0.437     0.995313        20379       213.33
       0.463     0.996094        20394       256.00
       0.471     0.996484        20402       284.44
       0.484     0.996875        20413       320.00
       0.491     0.997266        20418       365.71
       0.510     0.997656        20426       426.67
       0.524     0.998047        20435       512.00
       0.538     0.998242        20438       568.89
       0.540     0.998437        20442       640.00
       0.548     0.998633        20447       731.43
       0.555     0.998828        20450       853.33
       0.592     0.999023        20454      1024.00
       0.599     0.999121        20456      1137.78
       0.627     0.999219        20458      1280.00
       0.638     0.999316        20460      1462.86
       0.649     0.999414        20462      1706.67
       0.681     0.999512        20464      2048.00
       0.690     0.999561        20465      2275.56
       1.049     0.999609        20466      2560.00
       1.061     0.999658        20467      2925.71
       1.334     0.999707        20468      3413.33
       2.171     0.999756        20469      4096.00
       2.171     0.999780        20469      4551.11
       2.395     0.999805        20470      5120.00
       2.395     0.999829        20470      5851.43
       3.289     0.999854        20471      6826.67
       3.289     0.999878        20471      8192.00
       3.289     0.999890        20471      9102.22
       3.465     0.999902        20472     10240.00
       3.465     0.999915        20472     11702.86
       3.465     0.999927        20472     13653.33
       3.465     0.999939        20472     16384.00
       3.465     0.999945        20472     18204.44
       4.315     0.999951        20473     20480.00
       4.315     1.000000        20473          inf
#[Mean    =        0.119, StdDeviation   =        0.073]
#[Max     =        4.312, Total count    =        20473]
#[Buckets =           27, SubBuckets     =         2048]
-----------------------------------------------------------------------
  20475 requests in 10.00s, 3.20MB read
Requests/sec:   2047.29  
Transfer/sec:    327.88KB
