Running 10s test @ http://localhost:8888/
  2 threads and 10 connections

reconnect_socket
reconnect_socket
reconnect_socket
reconnect_socket
reconnect_socket
reconnect_socket
reconnect_socket
reconnect_socket
reconnect_socket
reconnect_socket
reconnect_socket
reconnect_socket
reconnect_socket
reconnect_socket
reconnect_socket
reconnect_socket
reconnect_socket
reconnect_socket
reconnect_socket
reconnect_socket

-----------------------------------------------------------------------
Test Results @ http://localhost:8888/ 
  Thread Stats   Avg      Stdev     99%   +/- Stdev
    Latency   121.18us   63.12us 222.00us   90.27%
    Req/Sec       -nan      -nan   0.00      0.00%
  Latency Distribution (HdrHistogram - Recorded Latency)
 50.000%  123.00us
 75.000%  141.00us
 90.000%  171.00us
 99.000%  222.00us
 99.900%  478.00us
 99.990%    2.53ms
 99.999%    4.08ms
100.000%    4.08ms

  Detailed Percentile spectrum:
       Value   Percentile   TotalCount 1/(1-Percentile)

       0.021     0.000000            2         1.00
       0.061     0.100000         2066         1.11
       0.080     0.200000         4097         1.25
       0.102     0.300000         6179         1.43
       0.119     0.400000         8387         1.67
       0.123     0.500000        11025         2.00
       0.124     0.550000        11768         2.22
       0.125     0.600000        12431         2.50
       0.127     0.650000        13388         2.86
       0.130     0.700000        14483         3.33
       0.141     0.750000        15394         4.00
       0.153     0.775000        15907         4.44
       0.160     0.800000        16438         5.00
       0.164     0.825000        16964         5.71
       0.167     0.850000        17577         6.67
       0.169     0.875000        18005         8.00
       0.170     0.887500        18257         8.89
       0.171     0.900000        18501        10.00
       0.172     0.912500        18698        11.43
       0.174     0.925000        19057        13.33
       0.176     0.937500        19272        16.00
       0.177     0.943750        19359        17.78
       0.179     0.950000        19478        20.00
       0.182     0.956250        19597        22.86
       0.185     0.962500        19705        26.67
       0.191     0.968750        19857        32.00
       0.193     0.971875        19898        35.56
       0.196     0.975000        19966        40.00
       0.200     0.978125        20036        45.71
       0.203     0.981250        20094        53.33
       0.207     0.984375        20152        64.00
       0.211     0.985938        20188        71.11
       0.215     0.987500        20217        80.00
       0.220     0.989062        20252        91.43
       0.225     0.990625        20283       106.67
       0.231     0.992188        20314       128.00
       0.236     0.992969        20328       142.22
       0.243     0.993750        20343       160.00
       0.253     0.994531        20359       182.86
       0.265     0.995313        20375       213.33
       0.276     0.996094        20391       256.00
       0.283     0.996484        20399       284.44
       0.302     0.996875        20407       320.00
       0.319     0.997266        20416       365.71
       0.367     0.997656        20423       426.67
       0.400     0.998047        20431       512.00
       0.420     0.998242        20436       568.89
       0.426     0.998437        20439       640.00
       0.439     0.998633        20443       731.43
       0.456     0.998828        20447       853.33
       0.486     0.999023        20451      1024.00
       0.501     0.999121        20453      1137.78
       0.510     0.999219        20455      1280.00
       0.517     0.999316        20457      1462.86
       0.555     0.999414        20459      1706.67
       0.725     0.999512        20461      2048.00
       0.892     0.999561        20462      2275.56
       0.913     0.999609        20463      2560.00
       0.915     0.999658        20464      2925.71
       0.916     0.999707        20465      3413.33
       1.466     0.999756        20466      4096.00
       1.466     0.999780        20466      4551.11
       1.965     0.999805        20467      5120.00
       1.965     0.999829        20467      5851.43
       2.533     0.999854        20468      6826.67
       2.533     0.999878        20468      8192.00
       2.533     0.999890        20468      9102.22
       4.017     0.999902        20469     10240.00
       4.017     0.999915        20469     11702.86
       4.017     0.999927        20469     13653.33
       4.017     0.999939        20469     16384.00
       4.017     0.999945        20469     18204.44
       4.079     0.999951        20470     20480.00
       4.079     1.000000        20470          inf
#[Mean    =        0.121, StdDeviation   =        0.063]
#[Max     =        4.078, Total count    =        20470]
#[Buckets =           27, SubBuckets     =         2048]
-----------------------------------------------------------------------
  20472 requests in 10.00s, 4.06MB read
Requests/sec:   2047.04  
Transfer/sec:    415.80KB
