Running 10s test @ http://localhost:8888/
  4 threads and 10 connections


-----------------------------------------------------------------------
Test Results @ http://localhost:8888/ 
  Thread Stats   Avg      Stdev     99%   +/- Stdev
    Latency   164.29us   99.88us 500.00us   72.61%
    Req/Sec       -nan      -nan   0.00      0.00%
  Latency Distribution (HdrHistogram - Recorded Latency)
 50.000%  145.00us
 75.000%  212.00us
 90.000%  312.00us
 99.000%  500.00us
 99.900%  606.00us
 99.990%  643.00us
 99.999%  643.00us
100.000%  643.00us

  Detailed Percentile spectrum:
       Value   Percentile   TotalCount 1/(1-Percentile)

       0.022     0.000000            1         1.00
       0.060     0.100000          271         1.11
       0.077     0.200000          521         1.25
       0.100     0.300000          767         1.43
       0.121     0.400000         1035         1.67
       0.145     0.500000         1278         2.00
       0.154     0.550000         1412         2.22
       0.160     0.600000         1532         2.50
       0.172     0.650000         1659         2.86
       0.191     0.700000         1788         3.33
       0.212     0.750000         1920         4.00
       0.223     0.775000         1984         4.44
       0.234     0.800000         2044         5.00
       0.248     0.825000         2106         5.71
       0.264     0.850000         2171         6.67
       0.289     0.875000         2233         8.00
       0.303     0.887500         2266         8.89
       0.312     0.900000         2298        10.00
       0.318     0.912500         2329        11.43
       0.331     0.925000         2362        13.33
       0.341     0.937500         2397        16.00
       0.347     0.943750         2409        17.78
       0.354     0.950000         2426        20.00
       0.361     0.956250         2441        22.86
       0.378     0.962500         2457        26.67
       0.394     0.968750         2473        32.00
       0.400     0.971875         2481        35.56
       0.413     0.975000         2489        40.00
       0.424     0.978125         2497        45.71
       0.449     0.981250         2505        53.33
       0.466     0.984375         2514        64.00
       0.470     0.985938         2517        71.11
       0.477     0.987500         2521        80.00
       0.499     0.989062         2525        91.43
       0.506     0.990625         2529       106.67
       0.519     0.992188         2533       128.00
       0.525     0.992969         2535       142.22
       0.530     0.993750         2537       160.00
       0.545     0.994531         2539       182.86
       0.553     0.995313         2541       213.33
       0.568     0.996094         2543       256.00
       0.582     0.996484         2544       284.44
       0.586     0.996875         2545       320.00
       0.596     0.997266         2546       365.71
       0.597     0.997656         2547       426.67
       0.599     0.998047         2548       512.00
       0.599     0.998242         2548       568.89
       0.606     0.998437         2549       640.00
       0.606     0.998633         2549       731.43
       0.607     0.998828         2550       853.33
       0.607     0.999023         2550      1024.00
       0.607     0.999121         2550      1137.78
       0.609     0.999219         2551      1280.00
       0.609     0.999316         2551      1462.86
       0.609     0.999414         2551      1706.67
       0.609     0.999512         2551      2048.00
       0.609     0.999561         2551      2275.56
       0.643     0.999609         2552      2560.00
       0.643     1.000000         2552          inf
#[Mean    =        0.164, StdDeviation   =        0.100]
#[Max     =        0.643, Total count    =         2552]
#[Buckets =           27, SubBuckets     =         2048]
-----------------------------------------------------------------------
  2556 requests in 10.00s, 409.36KB read
Requests/sec:    255.57  
Transfer/sec:     40.93KB
