Running 10s test @ http://localhost:8888/
  4 threads and 10 connections

reconnect_socket
reconnect_socket
reconnect_socket
reconnect_socket
reconnect_socket
reconnect_socket
reconnect_socket
reconnect_socket

-----------------------------------------------------------------------
Test Results @ http://localhost:8888/ 
  Thread Stats   Avg      Stdev     99%   +/- Stdev
    Latency   143.03us  116.65us 439.00us   91.59%
    Req/Sec       -nan      -nan   0.00      0.00%
  Latency Distribution (HdrHistogram - Recorded Latency)
 50.000%  126.00us
 75.000%  165.00us
 90.000%  243.00us
 99.000%  439.00us
 99.900%  611.00us
 99.990%    3.79ms
 99.999%    3.80ms
100.000%    3.80ms

  Detailed Percentile spectrum:
       Value   Percentile   TotalCount 1/(1-Percentile)

       0.020     0.000000            1         1.00
       0.059     0.100000         1043         1.11
       0.073     0.200000         2070         1.25
       0.093     0.300000         3079         1.43
       0.114     0.400000         4135         1.67
       0.126     0.500000         5150         2.00
       0.134     0.550000         5693         2.22
       0.144     0.600000         6168         2.50
       0.152     0.650000         6695         2.86
       0.158     0.700000         7234         3.33
       0.165     0.750000         7695         4.00
       0.172     0.775000         7967         4.44
       0.180     0.800000         8190         5.00
       0.194     0.825000         8448         5.71
       0.208     0.850000         8714         6.67
       0.223     0.875000         8957         8.00
       0.232     0.887500         9084         8.89
       0.243     0.900000         9216        10.00
       0.255     0.912500         9341        11.43
       0.274     0.925000         9471        13.33
       0.291     0.937500         9594        16.00
       0.300     0.943750         9659        17.78
       0.309     0.950000         9725        20.00
       0.318     0.956250         9786        22.86
       0.332     0.962500         9852        26.67
       0.344     0.968750         9915        32.00
       0.352     0.971875         9947        35.56
       0.363     0.975000         9980        40.00
       0.377     0.978125        10009        45.71
       0.388     0.981250        10041        53.33
       0.404     0.984375        10074        64.00
       0.414     0.985938        10090        71.11
       0.422     0.987500        10105        80.00
       0.435     0.989062        10123        91.43
       0.450     0.990625        10137       106.67
       0.460     0.992188        10155       128.00
       0.465     0.992969        10163       142.22
       0.477     0.993750        10169       160.00
       0.484     0.994531        10177       182.86
       0.489     0.995313        10186       213.33
       0.498     0.996094        10194       256.00
       0.501     0.996484        10197       284.44
       0.512     0.996875        10201       320.00
       0.520     0.997266        10205       365.71
       0.540     0.997656        10210       426.67
       0.551     0.998047        10213       512.00
       0.565     0.998242        10215       568.89
       0.584     0.998437        10217       640.00
       0.588     0.998633        10219       731.43
       0.603     0.998828        10221       853.33
       0.612     0.999023        10223      1024.00
       0.615     0.999121        10224      1137.78
       0.621     0.999219        10225      1280.00
       0.642     0.999316        10226      1462.86
       3.195     0.999414        10227      1706.67
       3.285     0.999512        10228      2048.00
       3.285     0.999561        10228      2275.56
       3.757     0.999609        10229      2560.00
       3.757     0.999658        10229      2925.71
       3.767     0.999707        10230      3413.33
       3.767     0.999756        10230      4096.00
       3.767     0.999780        10230      4551.11
       3.793     0.999805        10231      5120.00
       3.793     0.999829        10231      5851.43
       3.793     0.999854        10231      6826.67
       3.793     0.999878        10231      8192.00
       3.793     0.999890        10231      9102.22
       3.799     0.999902        10232     10240.00
       3.799     1.000000        10232          inf
#[Mean    =        0.143, StdDeviation   =        0.117]
#[Max     =        3.798, Total count    =        10232]
#[Buckets =           27, SubBuckets     =         2048]
-----------------------------------------------------------------------
  10236 requests in 10.00s, 1.60MB read
Requests/sec:   1023.57  
Transfer/sec:    163.93KB
