Running 10s test @ http://localhost:8888/
  2 threads and 10 connections

reconnect_socket
reconnect_socket
reconnect_socket
reconnect_socket
reconnect_socket
reconnect_socket
reconnect_socket
reconnect_socket
reconnect_socket
reconnect_socket

-----------------------------------------------------------------------
Test Results @ http://localhost:8888/ 
  Thread Stats   Avg      Stdev     99%   +/- Stdev
    Latency   142.28us   57.20us 349.00us   77.21%
    Req/Sec       -nan      -nan   0.00      0.00%
  Latency Distribution (HdrHistogram - Recorded Latency)
 50.000%  130.00us
 75.000%  164.00us
 90.000%  199.00us
 99.000%  349.00us
 99.900%  600.00us
 99.990%  706.00us
 99.999%    1.01ms
100.000%    1.01ms

  Detailed Percentile spectrum:
       Value   Percentile   TotalCount 1/(1-Percentile)

       0.023     0.000000            1         1.00
       0.075     0.100000         1059         1.11
       0.108     0.200000         2051         1.25
       0.122     0.300000         3209         1.43
       0.125     0.400000         4168         1.67
       0.130     0.500000         5280         2.00
       0.133     0.550000         5639         2.22
       0.143     0.600000         6159         2.50
       0.158     0.650000         6780         2.86
       0.161     0.700000         7234         3.33
       0.164     0.750000         7673         4.00
       0.166     0.775000         7935         4.44
       0.169     0.800000         8196         5.00
       0.173     0.825000         8503         5.71
       0.178     0.850000         8707         6.67
       0.187     0.875000         8957         8.00
       0.191     0.887500         9093         8.89
       0.199     0.900000         9215        10.00
       0.209     0.912500         9341        11.43
       0.218     0.925000         9464        13.33
       0.232     0.937500         9593        16.00
       0.237     0.943750         9656        17.78
       0.240     0.950000         9721        20.00
       0.246     0.956250         9794        22.86
       0.259     0.962500         9850        26.67
       0.269     0.968750         9912        32.00
       0.276     0.971875         9946        35.56
       0.290     0.975000         9978        40.00
       0.300     0.978125        10007        45.71
       0.310     0.981250        10045        53.33
       0.319     0.984375        10071        64.00
       0.328     0.985938        10088        71.11
       0.336     0.987500        10104        80.00
       0.344     0.989062        10119        91.43
       0.352     0.990625        10135       106.67
       0.359     0.992188        10152       128.00
       0.362     0.992969        10159       142.22
       0.367     0.993750        10168       160.00
       0.375     0.994531        10177       182.86
       0.388     0.995313        10183       213.33
       0.401     0.996094        10192       256.00
       0.404     0.996484        10195       284.44
       0.416     0.996875        10199       320.00
       0.423     0.997266        10203       365.71
       0.445     0.997656        10207       426.67
       0.472     0.998047        10211       512.00
       0.498     0.998242        10213       568.89
       0.535     0.998437        10215       640.00
       0.584     0.998633        10217       731.43
       0.590     0.998828        10219       853.33
       0.608     0.999023        10221      1024.00
       0.621     0.999121        10222      1137.78
       0.622     0.999219        10223      1280.00
       0.637     0.999316        10224      1462.86
       0.647     0.999414        10225      1706.67
       0.651     0.999512        10226      2048.00
       0.651     0.999561        10226      2275.56
       0.675     0.999609        10227      2560.00
       0.675     0.999658        10227      2925.71
       0.694     0.999707        10228      3413.33
       0.694     0.999756        10228      4096.00
       0.694     0.999780        10228      4551.11
       0.706     0.999805        10229      5120.00
       0.706     0.999829        10229      5851.43
       0.706     0.999854        10229      6826.67
       0.706     0.999878        10229      8192.00
       0.706     0.999890        10229      9102.22
       1.010     0.999902        10230     10240.00
       1.010     1.000000        10230          inf
#[Mean    =        0.142, StdDeviation   =        0.057]
#[Max     =        1.010, Total count    =        10230]
#[Buckets =           27, SubBuckets     =         2048]
-----------------------------------------------------------------------
  10232 requests in 10.00s, 2.03MB read
Requests/sec:   1023.12  
Transfer/sec:    207.82KB
