Running 10s test @ http://localhost:8888/
  2 threads and 10 connections


-----------------------------------------------------------------------
Test Results @ http://localhost:8888/ 
  Thread Stats   Avg      Stdev     99%   +/- Stdev
    Latency   132.43us  161.43us 391.00us   95.57%
    Req/Sec       -nan      -nan   0.00      0.00%
  Latency Distribution (HdrHistogram - Recorded Latency)
 50.000%  113.00us
 75.000%  154.00us
 90.000%  226.00us
 99.000%  391.00us
 99.900%    2.84ms
 99.990%    3.98ms
 99.999%    3.98ms
100.000%    3.98ms

  Detailed Percentile spectrum:
       Value   Percentile   TotalCount 1/(1-Percentile)

       0.016     0.000000            1         1.00
       0.047     0.100000          258         1.11
       0.062     0.200000          520         1.25
       0.084     0.300000          768         1.43
       0.108     0.400000         1028         1.67
       0.113     0.500000         1307         2.00
       0.115     0.550000         1406         2.22
       0.120     0.600000         1535         2.50
       0.128     0.650000         1660         2.86
       0.146     0.700000         1785         3.33
       0.154     0.750000         1926         4.00
       0.156     0.775000         1985         4.44
       0.160     0.800000         2043         5.00
       0.169     0.825000         2108         5.71
       0.181     0.850000         2170         6.67
       0.204     0.875000         2232         8.00
       0.221     0.887500         2264         8.89
       0.226     0.900000         2295        10.00
       0.230     0.912500         2330        11.43
       0.240     0.925000         2359        13.33
       0.253     0.937500         2394        16.00
       0.261     0.943750         2407        17.78
       0.278     0.950000         2423        20.00
       0.302     0.956250         2439        22.86
       0.310     0.962500         2456        26.67
       0.316     0.968750         2472        32.00
       0.319     0.971875         2481        35.56
       0.322     0.975000         2488        40.00
       0.339     0.978125         2496        45.71
       0.348     0.981250         2504        53.33
       0.358     0.984375         2511        64.00
       0.365     0.985938         2515        71.11
       0.374     0.987500         2519        80.00
       0.382     0.989062         2523        91.43
       0.405     0.990625         2527       106.67
       0.433     0.992188         2531       128.00
       0.465     0.992969         2533       142.22
       0.482     0.993750         2535       160.00
       0.499     0.994531         2537       182.86
       0.530     0.995313         2539       213.33
       0.585     0.996094         2541       256.00
       0.590     0.996484         2542       284.44
       0.780     0.996875         2543       320.00
       1.733     0.997266         2544       365.71
       1.756     0.997656         2545       426.67
       1.817     0.998047         2546       512.00
       1.817     0.998242         2546       568.89
       2.843     0.998437         2547       640.00
       2.843     0.998633         2547       731.43
       2.909     0.998828         2548       853.33
       2.909     0.999023         2548      1024.00
       2.909     0.999121         2548      1137.78
       3.925     0.999219         2549      1280.00
       3.925     0.999316         2549      1462.86
       3.925     0.999414         2549      1706.67
       3.925     0.999512         2549      2048.00
       3.925     0.999561         2549      2275.56
       3.985     0.999609         2550      2560.00
       3.985     1.000000         2550          inf
#[Mean    =        0.132, StdDeviation   =        0.161]
#[Max     =        3.984, Total count    =         2550]
#[Buckets =           27, SubBuckets     =         2048]
-----------------------------------------------------------------------
  2552 requests in 10.00s, 408.72KB read
Requests/sec:    255.17  
Transfer/sec:     40.87KB
