Running 30s test @ http://localhost:8888/
  2 threads and 10 connections

reconnect_socket
reconnect_socket
reconnect_socket
reconnect_socket
reconnect_socket
reconnect_socket
reconnect_socket
reconnect_socket
reconnect_socket
reconnect_socket
  Thread calibration: mean lat.: 1.964ms, rate sampling interval: 10ms
  Thread calibration: mean lat.: 1.946ms, rate sampling interval: 10ms
reconnect_socket
reconnect_socket
reconnect_socket
reconnect_socket
reconnect_socket
reconnect_socket
reconnect_socket
reconnect_socket
reconnect_socket
reconnect_socket
reconnect_socket
reconnect_socket
reconnect_socket
reconnect_socket
reconnect_socket
reconnect_socket
reconnect_socket
reconnect_socket
reconnect_socket
reconnect_socket

-----------------------------------------------------------------------
Test Results @ http://localhost:8888/ 
  Thread Stats   Avg      Stdev     99%   +/- Stdev
    Latency     2.08ms    2.18ms  10.15ms   86.05%
    Req/Sec   538.51    113.34     1.00k    76.98%
  Latency Distribution (HdrHistogram - Recorded Latency)
 50.000%    1.24ms
 75.000%    2.00ms
 90.000%    5.52ms
 99.000%   10.15ms
 99.900%   12.41ms
 99.990%   13.90ms
 99.999%   21.95ms
100.000%   21.95ms

  Detailed Percentile spectrum:
       Value   Percentile   TotalCount 1/(1-Percentile)

       0.334     0.000000            1         1.00
       0.512     0.100000         2055         1.11
       0.784     0.200000         4111         1.25
       0.900     0.300000         6142         1.43
       1.155     0.400000         8197         1.67
       1.241     0.500000        10241         2.00
       1.347     0.550000        11268         2.22
       1.522     0.600000        12285         2.50
       1.603     0.650000        13320         2.86
       1.741     0.700000        14333         3.33
       1.997     0.750000        15360         4.00
       2.205     0.775000        15866         4.44
       2.545     0.800000        16380         5.00
       3.193     0.825000        16890         5.71
       3.779     0.850000        17402         6.67
       4.571     0.875000        17917         8.00
       4.975     0.887500        18173         8.89
       5.523     0.900000        18425        10.00
       5.699     0.912500        18683        11.43
       6.331     0.925000        18938        13.33
       6.783     0.937500        19193        16.00
       6.867     0.943750        19323        17.78
       7.375     0.950000        19450        20.00
       7.847     0.956250        19581        22.86
       7.911     0.962500        19708        26.67
       8.179     0.968750        19833        32.00
       8.631     0.971875        19897        35.56
       8.959     0.975000        19970        40.00
       9.007     0.978125        20027        45.71
       9.071     0.981250        20096        53.33
       9.391     0.984375        20153        64.00
       9.759     0.985938        20185        71.11
      10.071     0.987500        20218        80.00
      10.127     0.989062        20253        91.43
      10.175     0.990625        20283       106.67
      10.263     0.992188        20315       128.00
      10.615     0.992969        20330       142.22
      11.023     0.993750        20345       160.00
      11.223     0.994531        20362       182.86
      11.287     0.995313        20378       213.33
      11.311     0.996094        20393       256.00
      11.351     0.996484        20402       284.44
      11.423     0.996875        20409       320.00
      11.663     0.997266        20417       365.71
      11.839     0.997656        20425       426.67
      11.999     0.998047        20433       512.00
      12.103     0.998242        20437       568.89
      12.143     0.998437        20442       640.00
      12.215     0.998633        20445       731.43
      12.359     0.998828        20449       853.33
      12.415     0.999023        20453      1024.00
      12.439     0.999121        20456      1137.78
      12.455     0.999219        20457      1280.00
      12.487     0.999316        20461      1462.86
      12.487     0.999414        20461      1706.67
      12.519     0.999512        20463      2048.00
      12.543     0.999561        20464      2275.56
      12.783     0.999609        20465      2560.00
      12.903     0.999658        20466      2925.71
      13.207     0.999707        20467      3413.33
      13.559     0.999756        20468      4096.00
      13.559     0.999780        20468      4551.11
      13.599     0.999805        20469      5120.00
      13.599     0.999829        20469      5851.43
      13.903     0.999854        20470      6826.67
      13.903     0.999878        20470      8192.00
      13.903     0.999890        20470      9102.22
      18.927     0.999902        20471     10240.00
      18.927     0.999915        20471     11702.86
      18.927     0.999927        20471     13653.33
      18.927     0.999939        20471     16384.00
      18.927     0.999945        20471     18204.44
      21.951     0.999951        20472     20480.00
      21.951     1.000000        20472          inf
#[Mean    =        2.079, StdDeviation   =        2.180]
#[Max     =       21.936, Total count    =        20472]
#[Buckets =           27, SubBuckets     =         2048]
-----------------------------------------------------------------------
  30712 requests in 30.00s, 26.33MB read
Requests/sec:   1023.71  
Transfer/sec:      0.88MB
