Running 10s test @ http://localhost:8888/
  2 threads and 10 connections

reconnect_socket
reconnect_socket
reconnect_socket
reconnect_socket
reconnect_socket
reconnect_socket
reconnect_socket
reconnect_socket
reconnect_socket
reconnect_socket

-----------------------------------------------------------------------
Test Results @ http://localhost:8888/ 
  Thread Stats   Avg      Stdev     99%   +/- Stdev
    Latency     1.11ms  539.76us   2.62ms   74.73%
    Req/Sec       -nan      -nan   0.00      0.00%
  Latency Distribution (HdrHistogram - Recorded Latency)
 50.000%    1.04ms
 75.000%    1.52ms
 90.000%    1.91ms
 99.000%    2.62ms
 99.900%    3.12ms
 99.990%    6.57ms
 99.999%    6.57ms
100.000%    6.57ms

  Detailed Percentile spectrum:
       Value   Percentile   TotalCount 1/(1-Percentile)

       0.203     0.000000            1         1.00
       0.557     0.100000         1024         1.11
       0.613     0.200000         2074         1.25
       0.692     0.300000         3070         1.43
       0.890     0.400000         4097         1.67
       1.042     0.500000         5115         2.00
       1.067     0.550000         5641         2.22
       1.102     0.600000         6144         2.50
       1.157     0.650000         6651         2.86
       1.263     0.700000         7162         3.33
       1.516     0.750000         7674         4.00
       1.552     0.775000         7929         4.44
       1.572     0.800000         8194         5.00
       1.588     0.825000         8440         5.71
       1.617     0.850000         8698         6.67
       1.684     0.875000         8953         8.00
       1.743     0.887500         9080         8.89
       1.913     0.900000         9207        10.00
       2.032     0.912500         9338        11.43
       2.069     0.925000         9463        13.33
       2.093     0.937500         9599        16.00
       2.101     0.943750         9672        17.78
       2.111     0.950000         9734        20.00
       2.119     0.956250         9787        22.86
       2.137     0.962500         9849        26.67
       2.169     0.968750         9913        32.00
       2.205     0.971875         9944        35.56
       2.249     0.975000         9976        40.00
       2.345     0.978125        10007        45.71
       2.515     0.981250        10040        53.33
       2.555     0.984375        10072        64.00
       2.569     0.985938        10087        71.11
       2.591     0.987500        10103        80.00
       2.609     0.989062        10120        91.43
       2.623     0.990625        10136       106.67
       2.637     0.992188        10151       128.00
       2.645     0.992969        10165       142.22
       2.647     0.993750        10170       160.00
       2.651     0.994531        10176       182.86
       2.655     0.995313        10183       213.33
       2.669     0.996094        10194       256.00
       2.671     0.996484        10195       284.44
       2.677     0.996875        10200       320.00
       2.687     0.997266        10203       365.71
       2.697     0.997656        10207       426.67
       2.889     0.998047        10211       512.00
       2.981     0.998242        10213       568.89
       3.031     0.998437        10215       640.00
       3.071     0.998633        10217       731.43
       3.113     0.998828        10219       853.33
       3.125     0.999023        10221      1024.00
       3.169     0.999121        10222      1137.78
       5.611     0.999219        10223      1280.00
       5.659     0.999316        10224      1462.86
       5.931     0.999414        10225      1706.67
       5.987     0.999512        10226      2048.00
       5.987     0.999561        10226      2275.56
       6.103     0.999609        10227      2560.00
       6.103     0.999658        10227      2925.71
       6.115     0.999707        10228      3413.33
       6.115     0.999756        10228      4096.00
       6.115     0.999780        10228      4551.11
       6.567     0.999805        10229      5120.00
       6.567     0.999829        10229      5851.43
       6.567     0.999854        10229      6826.67
       6.567     0.999878        10229      8192.00
       6.567     0.999890        10229      9102.22
       6.575     0.999902        10230     10240.00
       6.575     1.000000        10230          inf
#[Mean    =        1.107, StdDeviation   =        0.540]
#[Max     =        6.572, Total count    =        10230]
#[Buckets =           27, SubBuckets     =         2048]
-----------------------------------------------------------------------
  10232 requests in 10.00s, 11.22MB read
Requests/sec:   1023.01  
Transfer/sec:      1.12MB
