Running 30s test @ http://localhost:8888/
  2 threads and 10 connections

  Thread calibration: mean lat.: 0.199ms, rate sampling interval: 10ms
  Thread calibration: mean lat.: 0.183ms, rate sampling interval: 10ms

-----------------------------------------------------------------------
Test Results @ http://localhost:8888/ 
  Thread Stats   Avg      Stdev     99%   +/- Stdev
    Latency   172.27us  157.57us 519.00us   91.47%
    Req/Sec   135.03    203.14   555.00     78.32%
  Latency Distribution (HdrHistogram - Recorded Latency)
 50.000%  141.00us
 75.000%  187.00us
 90.000%  307.00us
 99.000%  519.00us
 99.900%    2.89ms
 99.990%    3.98ms
 99.999%    5.24ms
100.000%    5.24ms

  Detailed Percentile spectrum:
       Value   Percentile   TotalCount 1/(1-Percentile)

       0.029     0.000000            2         1.00
       0.070     0.100000          539         1.11
       0.096     0.200000         1025         1.25
       0.122     0.300000         1597         1.43
       0.127     0.400000         2107         1.67
       0.141     0.500000         2570         2.00
       0.157     0.550000         2825         2.22
       0.161     0.600000         3106         2.50
       0.166     0.650000         3323         2.86
       0.174     0.700000         3609         3.33
       0.187     0.750000         3836         4.00
       0.199     0.775000         3972         4.44
       0.213     0.800000         4097         5.00
       0.229     0.825000         4221         5.71
       0.248     0.850000         4346         6.67
       0.272     0.875000         4473         8.00
       0.290     0.887500         4537         8.89
       0.307     0.900000         4603        10.00
       0.327     0.912500         4667        11.43
       0.348     0.925000         4729        13.33
       0.365     0.937500         4797        16.00
       0.373     0.943750         4825        17.78
       0.384     0.950000         4857        20.00
       0.398     0.956250         4890        22.86
       0.409     0.962500         4923        26.67
       0.432     0.968750         4953        32.00
       0.446     0.971875         4969        35.56
       0.456     0.975000         4985        40.00
       0.471     0.978125         5002        45.71
       0.479     0.981250         5017        53.33
       0.490     0.984375         5033        64.00
       0.498     0.985938         5042        71.11
       0.502     0.987500         5049        80.00
       0.514     0.989062         5057        91.43
       0.532     0.990625         5066       106.67
       0.549     0.992188         5073       128.00
       0.563     0.992969         5079       142.22
       0.587     0.993750         5081       160.00
       0.603     0.994531         5085       182.86
       0.649     0.995313         5089       213.33
       0.656     0.996094         5093       256.00
       0.667     0.996484         5095       284.44
       0.673     0.996875         5097       320.00
       0.684     0.997266         5099       365.71
       0.702     0.997656         5101       426.67
       1.113     0.998047         5103       512.00
       1.160     0.998242         5104       568.89
       1.807     0.998437         5105       640.00
       1.863     0.998633         5106       731.43
       2.895     0.998828         5107       853.33
       2.899     0.999023         5108      1024.00
       2.899     0.999121         5108      1137.78
       2.927     0.999219         5109      1280.00
       2.927     0.999316         5109      1462.86
       2.953     0.999414         5110      1706.67
       2.953     0.999512         5110      2048.00
       2.953     0.999561         5110      2275.56
       3.979     0.999609         5111      2560.00
       3.979     0.999658         5111      2925.71
       3.979     0.999707         5111      3413.33
       3.979     0.999756         5111      4096.00
       3.979     0.999780         5111      4551.11
       5.239     0.999805         5112      5120.00
       5.239     1.000000         5112          inf
#[Mean    =        0.172, StdDeviation   =        0.158]
#[Max     =        5.236, Total count    =         5112]
#[Buckets =           27, SubBuckets     =         2048]
-----------------------------------------------------------------------
  7672 requests in 30.00s, 1.52MB read
Requests/sec:    255.72  
Transfer/sec:     51.94KB
